8502389707469732594
10280764815898097487
14581904392320709619
9438070044076037388
6581459289481520933
16394867224677348949
12534799650978167728
17139137931533831402
6008943969506313284
6419857353911504425
9453961495212483763
14800733121605549047
6320717163311379567
3193901477245072930
10670355691855030535
1366155076888516217
9335867909262913871
9820244683272026492
10512803532500407719
13629762849031323582
14827074012414751092
77554493497014970
6651009442655494585
11121121937982344170
10216402374987783091
17761183314282286160
7573810414769990071
8398519909103364652
6557451182313164435
6507583121706192643
9095483766383055520
11521987196218480221
3804196999508139744
5691404287962337754
10639081849273593047
5666929979431949164
4029106682882815757
16553064689345314785
13178494802022818680
14930921556600405428
9192247690082179458
7717185600084681595
7166177888180935915
5557297690227254053
520761402994103592
3403476294255899534
6052364477623636382
3474229558762285573
1856316441778721315
14821185471001785638
6803619863011077297
16428331743081909073
7684489130553537457
6246024222918338587
15763740886653265170
98412144831317022
2144046362117334394
8615470088385407688
4761358350345929144
12935599803502001395
3841012472246605857
8961837833032342257
13243045934756343827
13524310764304557056
6337311779628554951
9719278631797388583
8285184109791132581
14725175476820960153
16930583292176745358
5728291518227100322
7364448997059763497
4399067814765472503
1646617268089395606
9432609025760180599
11306039350575663278
11161043088390326242
10505032741222572298
8678635974352668316
1087300165479513005
3542788346114064320
9144350221546241072
14135102455304443248
9704004414077913042
16344886545597768290
6408182818488036788
650813595743935669
2967165605359524651
14841015555794695175
5719882999599169851
10918718885918322713
2278001439635686813
17088648408364802578
6283176200823746279
89218511056702283
10639767131721653713
891550397923323067
10969647561008160921
15588266893267191262
12611286475110851793
9453103755802846318
11113574393510696085
5428432852662423078
4037902145413314675
3284000900566554409
8017203344059353792
11322128289079603313
12869064047141986844
9968349784706275050
4330557905739236921
9510882374473491087
2334527905396768210
10580915850521979660
6717365454210759979
8414189334427850104
3788013043204968104
15189288889031810132
163549603451200588
1626757488861136844
3365568605715138950
14262269049108373770
404511618670900237
11230308149915668669
15214640252132725261
7125977503646940638
765052374156550470
11331135311811245635
6696564955230377952
17400817138995395240
9311450968949101662
18247962599775637139
774787532014482643
2731920948168954792
16092565353549705912
10369456817255437140
6105065226919558488
12229480533793015816
8336552630695065626
12862280691096551552
10500373866469901717
17404498769449988732
1239645997583328092
3449150087741582350
249081946651285281
16465110585455914968
6171474312487670863
18342297579953994715
16640517923876017043
2132694115656733938
14786207021961244801
9606567492680433389
236185059054083261
6306919357057725717
4249039723714842740
1933756009980840359
17698815024161172069
9251213972156321029
8274234807833274504
109574826578358723
12272137551095431497
14172258436875716677
12613480890148751226
12739178100042677546
6673566673333232801
8478319957491744950
12899305316636480902
6153664293667588254
17606677345494814540
6800198969108429072
2865366795537930037
7661433145562716982
14796453000644878790
3680451827357882574
6714336644059909348
12235797705264897449
3618757364801100573
2634986752505695534
3382302009094309455
12202322690196619445
10552360071610112518
4753417133691255609
1513093528152020472
5841541280262183772
12053177520112914236
16017762023048764046
14771577683790534441
15059909814235293245
718756913507427662
3822623031375262198
17061617416244380770
8332111630958048043
18276225886146306071
1502677782537082338
6445262725947072767
15371853019092582044
7384253854694166120
11341703566455765271
10534675476164182406
12799558228652870344
597859197853323080
15639611757790795726
4366034616629550252
9031162160728577259
11439024818342642491
16869694284100867289
5453539996034621802
14476163148786293866
15238590123142525041
1298619317275361198
15959631093542249927
5795741363879189636
18225488710087309648
3419683453882062626
14349281836268705521
13083198409245519456
14740403642057483608
14236179513673992777
6830988744668719349
8903121346990651828
14450533202455719691
5689703289324127912
17453424930418359804
3709405090039408204
4711216664982799698
16822854384712467914
7436223859833712194
1301382472800553704
6942842478378829358
15687450289818527887
6700463003661197082
3226287714325670164
9232516651323011871
3827984827323615510
25595184133455726
13473626993300696621
12492654869809296932
268731708244593492
12357510131510410053
15847713451779011800
7911847181275745021
1089759787250436916
4851483219036309963
3850677320563645794
14181198344598989861
613657749600953274
13683859824567554783
8602768704928587545
2316131074883242649
2274068205705860872
11903910859789599070
16517902203462238424
17212092877228049904
17562323011275673738
8915133745564655104
17461898320212216058
5310484870045926897
12772961049731006560
9497405656154731963
6768945490523031903
18422399233276508690
16887186237369162633
8194728951229769874
8140277323663672548
17810718086242039605
8039080696462594874
4585222716804487074
6361276757056461982
139409589164747834
5987135418290014366
9910031114665397708
15486419013846385601
6365167390624574093
13144886749613098118
1926819642449282666
5724225321786867352
10222700050511192804
13162421590237144432
6331962875158439102
11556327174045532981
13594670635998329140
4754440795615179575
17849431657691701988
6321439772839643810
17279913714411738207
16192753776463643747
12704289680380661020
8673031960059558683
11577427956141570571
4338568573947295826
1537220150839827771
18355514387430673864
4733938300608901036
146060244877145958
12509655997469196202
6952510563966334828
3555778039903600032
7589731943659674697
9000826497881799491
6531961783349422725
3609679578335896971
6003004733466068171
10951309544106746947
5083972426673937404
16753150222857727089
5844751411005868362
1056237224489210376
8380418650602842961
9984311841534141886
3782508590705458379
3220332837281818641
163803345080804711
12755115651023617694
3673282530729439059
12114114578817852018
8420144125932593274
11402209817219062470
14578773885695518116
8663833084670005102
2394896473080182331
14970969739933393825
15687677875492730647
2816358539980704749
7157768547835529525
7587379404529829800
15637554810850237542
12549450139141912009
14987105478450345141
7819396647040740369
12090377468897166822
17641895920123876844
3140012477360911695
2092972253935693398
8029329204343573276
8145171067746367829
2057123343250502207
8020557760041321020
16029716136923004394
3707214326368191880
6186853924867698836
7525290541881648568
6084131593059089570
6565208986287894859
13982504670960552390
12865504413613157733
10420697991676483038
3126750218061378218
5999015844332603456
13346011885563314034
13939650969580301839
6839117187456405895
14097057773621024879
5409904785152418349
9805952814135842344
12254167297315012877
4782300189160986264
16222997946085369800
14038882213581910792
17403859611254822369
3625241340089278465
16754050025761053883
16307999867955573220
14396242397122395873
8255403234621903127
12732936057728971850
6292463876215728670
305011983728288905
495012810339885682
9463765387734945308
554348058915238311
3030733913304378774
13143658543340696546
6103571771328720806
7792186212834303031
15614296839423324819
13694484486619497758
10958306667939277777
11491274731599248654
17060789868568895441
5562376572213064374
4339479478341104850
11765364742350554032
4374598268846984918
16124854169410306005
17084785307919474213
14451133801120934700
7156659012194209884
12935910862365600934
14110758561236218690
12646264304396781538
10355270048052244684
11705356174845429533
3393410925163397151
631747465310066755
3343960632181698201
7811256363445313939
11454982575383781200
11682950864275031625
6830709005116015195
17906683244758291722
16410432089937287633
6062209500955103255
1132794782294112685
4053997832539690785
2872595029543201353
487645716647093212
3939329384705829864
126253287297418991
4227517385426688145
6628613767981506732
17492227687526111943
7101123232108897177
3623185625438506492
10679243640901723499
1827940738001198736
15669704493978044488
14668787009032775569
17994541013753848514
11723621151453644179
16433198809809294537
4948338107010208269
13913253895746261234
1851902425264079332
8228378601445150334
15203614887103254238
15070097623509419476
10910816502725353959
6388395364951015152
5101025407360977769
15562237118771987420
8877973597141577783
11460095221539952661
5328206226329118379
941435122415707950
4965039335912835064
7497746985451224875
12548717506869514385
2856669723427343345
727977744176207963
16630036829368757281
13893080204141298528
8022943952838654653
5822811700975524736
2977267872829018960
5425156863896104243
9095867061191869982
18172770608377110510
17235937297376840880
18175041906946953926
12485780177471550627
3052291971361019827
2047302713686792110
11678617416741250384
2592050692325305894
3776298756829005188
7430742237621814618
5956268869325666073
13186462755048984147
13461022804065107385
7586230940486263526
18094009569185289492
15319735551418753800
8073974279059930571
12230712778811609114
14676153994942518302
5994397636859431349
14557721084457115403
14960658777143898418
9338163916330972243
1372254056353415517
6327273573108730874
16325547061915308827
18282428681433488725
17486400543071592456
14051550694101094115
16161074564376677739
1981062118560539319
9776456017875721709
3176666626678803523
1060640114542282395
12234865292461448647
7191791564564902769
2338228732073062607
16778513368158947680
15616829113155832921
17724343064981801566
4542630183880809718
11106058367416880028
11818232821782679374
12984831773235600681
17543387900686133229
7165397731842104633
2707635594666455708
13108137354832913722
12281582111063140899
10774484383564672235
12698001606945135635
5286659652761096308
1334679219158254216
13374489887446112447
12470092552447354168
9659468166172155704
1616573310798905563
5120282061878095076
9312172701180049816
7318139859198784936
5089910450187018788
5250927395163692781
5334959788825369218
16392482640593242618
10332981774360696842
4444847283174061155
4249321835594020149
13310774489806098254
9181128981629622608
14488133273309228222
6683409560046462145
1496222403548639437
16499683745117251796
6239693390350964330
5290304532198636751
18015131820467625185
14267142238296877376
5406935378352553488
14217774635990662419
11686123078031313342
12821477848504311331
7629839724555586698
10689266787784881595
1716079335977877210
15328610464451549209
2276862728229095248
11748062385238244800
11809239556172898802
13021907776939180196
1905137639083244680
14664497462364224331
7034247351519403085
4386769061889277603
15874057015913846046
3652024194297175140
14464919565816871474
8967942962011143201
196873307165157593
17507099274130778380
516192142619361920
4915414770468284692
15078378285232832793
1059491221065743836
7684977162663415126
3920436544054770059
7118550424449379673
5571024447411354196
1179351889720845057
9890049327160835912
4334746020938189410
8401248161493178098
14978374261784140413
661084584384692093
9197027969042317071
16229832038521701296
15219917697477719246
6518654123285131563
15480465951121190675
18333477469708744435
17462436747998744964
1660031656572278935
17754749646858229623
3042792796705469771
10743184749974495919
12738325428572851292
12810401441808839207
18240525333683936291
6085090520355594937
7900610244757491501
4016199968037455154
9648846870129290468
881980288917589202
7442814412393165000
2838456328441679084
5540027178654623405
12432623199441839352
10060996447089232031
5496124111223967705
7598942455380688980
6748926411943778850
877756776742942090
17342622430001705044
5755892243241495670
18023123829812649895
1616609620468836804
5102127736117696148
15780656764339900565
3590765939275192270
17894901029489818175
16435534722007921006
6030478913378940865
1765359370021796911
1147869252995731257
13704888016427662215
12710472140423155509
2628557243697682254
9664771632782738988
13268224076708110128
174434373296212318
18358131301530775953
4976528351890674046
5678440416750834379
10507390164502129823
18223331678338617619
2488368476657652460
13359285537091015048
8770354755124115326
11187012092069960824
13158363001793737288
4401203745500524780
13447388129776211399
2493477559053959049
4528445025562557316
3295418688166881329
3289169288670119716
17014989146167382888
4028049555190691826
5985798274660358193
7662156249502014651
2944736674531251440
6256313949384090328
393226781412274815
1217278060455789297
8368840804691430648
7607871269347470744
14727270806938149280
5311336647042584713
4391407357866116159
3448995468457816287
2553045069850665614
18214749896549184580
17356402182462536089
1206713210423264786
7026917978907801
6661346377043372474
856579728743960077
12631927774095056205
12145286831320170149
2588402325326429892
15386523313382580340
10082488177501521079
2412049481946204505
11041264516577583269
6052136395782780551
16740970592240395657
7920707507758798158
8640819015256434617
17785570917876097564
1167290039713627536
9403809903404719881
7311454700154860566
2392372978956954830
8113694222924440304
16984966009002894330
637215870535612492
5722662524054195659
14112245442255960158
10579980750228876829
15227810596217593790
3331541225762138024
2561791449828368688
13640073766836492084
8647927149997364446
3511818813091574840
14283268393607118265
10528879707231077353
5767705435610846671
9316942909826940297
14883229187050458514
8071472676090815595
383475907458061118
1583602652626353125
2800968587062645463
6118382677817518698
16970298673407615718
8014650643937569191
5743650443340219901
16873325498433729435
16839335834451179448
3810302130800194528
16209514504069087054
7116797453626421785
2697440507738985466
15818118841072306965
14169454103145613056
12876439892952549061
9761421995564568922
16528875388748403096
12144915612179758537
5431570313170919684
7727519671474267411
3946887723685332179
4808111583978972441
11001658904614355258
11223517943145699169
12092525672489049343
4016422036082480944
8954116251875006022
1169565297317238906
6424517182768412268
3506531591418503528
5313725461986904610
16468150080386217287
11707331453735034135
8250753593163942285
10989645433926681560
4157626680658886069
3696661027594223605
14940813517434369436
18294013578799940019
13129371419650799079
9429943781265541717
14404809255435917339
10836581207485504864
8052017532074015336
422723087934617499
5672153364977328666
1133098010234597120
14269167034558355085
5687256817999704599
8525070373515075332
10584051398513405827
1231056944090397780
794030415523597
10411898403208846584
16119284630887889820
13646751850875648750
7920295664888532921
16567745299680495726
16033829298655839418
14471703850519501016
8165637244583279729
6349882571970188182
17431242612153608229
8648777775645211052
17375758180580509611
7902831823950406012
7821132832681044785
7939923243166131493
16130273988772468671
5103719406113437070
14619874101866553703
14557545396754059877
303832401546550994
2856084289637562787
2381542224914399023
17457501254891322328
7175949678195784005
7333678417978170743
10737862685074035289
8756826896764476679
6887475740415118272
2844830878707773780
14223721574529631356
14975085410769177503
1470425146269007554
7257418304069916517
11970527436531887658
2399276692981590585
12163170454766969001
368394253345660223
10212658777297917989
1096607093524130882
8920576264791893026
1214278762722523987
11430777074407179481
8608226378671314794
10849285173026879262
2701866270218668054
2059220672353193803
9540092405367606181
9515815701370480888
15676252502202273263
11044524197508565042
11688565380851321441
9263249162076362551
18429354204363178240
11574639087878763778
6730568256598495899
12242162938896623159
2684307040837933136
14239183181209796608
11336496190428563702
12717320187417725290
1749422076422801082
9536947747005275831
13045056561157173363
16818556895764660687
13361443806635955764
6275357888041735932
6946064233315174125
4026227064232124842
5488765791506624402
3334917123081629600
13789474421264440319
13119643355866030744
9824697448163688170
11539846191768371419
9335705196799888652
12474403794680084122
15727592878048338742
10813334732029405355
1077790060352171194
4281428794147587002
16836249297934413117
8499088891789911571
13352420680424846828
6365724751414195506
13701346188158474639
6260031085142581144
10457240773626948601
9825092576051367040
11790233144401520436
1605944729954119274
1370241874848630046
6041667352161537462
11311940040681457538
17458388981240390044
8929357126246949227
3025419052040298097
17770226762433220801
14130110198188728814
2800674834360405936
7290027378037935647
3892075817398161127
15291015745874555348
376979005282977821
16070962465197736841
4520828158480375683
2916904618163544437
15902225921653036422
9989275787908760796
8629525568204817711
2041401103724404905
6447592311779355693
10913441571153874809
10837494563937113330
10876932134158836997
13472111324828145510
6069890836612976261
7509842393872147374
1456576996893770561
8682750007821142691
9914969284189865188
5683120743036969278
12905296623301920263
14017357028494786426
8785884596735906131
12878807733322772327
6450707406936505596
12018624691540859345
17269129568869728581
12274972499140260963
6292440542467371755
2800631835639802934
10268975219533934275
8164640007980740321
4161443223544825009
14375783660097887551
18293323336623249384
14539001969791816124
7041159940196103800
2425724283139897038
3755897416030575524
6862000762711943677
17977913360598989301
1481003127986843633
12237813138026000987
17667219845359653137
9225438341360658896
11368061046261649574
6891765330935690016
167758193646892940
5790598940055095577
4168390030764892961
14364770878640396060
17018553618353409517
8821142163508497161
16974215967767292115
15845069088755653916
11135618656572369930
13020320031378704516
6151231043237235739
15906489225666990387
3975107176616810374
9363434041735603856
3586097970426368805
13148530867130935627
7814793717176191032
16910240500576464864
18255634979650238344
15211806598509333726
7987153595392928734
3446539790011311514
12355319934426442546
791042241258779153
1991826930292566845
1653535964205601070
11642893159750119380
16125037990885931506
17154777386387733921
2100527684184761084
15147842055538922138
6879153205591570876
10551058036230267157
4236039145199887314
7706038378360380306
14942231736759228983
17701243859544779655
18158214351254888490
14999975932985489589
18009390131126001148
5322353488139596139
697794914543616041
8740670579697780180
889660500764775799
14877816566043449420
8302864293749891868
5704933828656977928
6539028344099915127
8248265886929582557
7568002461359821707
17312914900084897809
5358618014367298512
13320194315222641268
8774659470437820468
816155264781286385
14878645953004749594
6265333909405461933
12967385539304850803
17548023352093052281
12035853434955817077
2138959168999356960
2239750152001913641
10967780599889249947
4804987751587185118
12889194835536405685
8410469717739968027
14858487290577943916
16209291859743647317
17681445715238302326
17047983290242474644
9805197583295375353
13606829239486182105
15424134085179828783
8658742436817754594
777466376390742280
7199527308672787662
8855204773983079955
3565543965671630818
8842137452962373950
14772440683519580332
13585383894827909516
8690770084273595640
980886038791241383
14924928475964895882
2793814061991595904
16317839672121083686
14398152147594696962
1458771949755446015
3481905938352912732
10911203246379373387
10317048125212795184
8802631365823469025
9802311052149021033
16051897674445428738
9310425737566570047
5835915293029437079
4610607359774564583
15516002617184335404
8528736042803859057
12120906500260044611
297295920168232873
700814078299837079
9801078312587138876
18009202638017978594
15451583953531896278
12113337510575058881
10581842118127441811
1247603822399798862
14032984757287287693
10275065818496871066
9186442936062090551
17487098453617863713
5000717435837098425
10909002043887392319
10293620624631750771
4552028858798076662
7084236998681675683
16699552006914180649
14890924444755029440
10732236345850038541
8238220280270525807
13787783896344061389
12566430595403991863
12466078557517528390
12783138317541425021
6216592746128783592
5371586053124122452
1230996501880841533
16881024508498090876
17361657483788265350
442821403301848627
9558259595555760316
18422229136130486125
4434051651720114552
10070729546946594272
12649018073727651519
16339070493040511752
4612580911773689286
1486525412443734770
11984261829302294342
8438221323277713626
14485797660017726076
14745969825495932884
15103183390763225534
17307704030259492967
1430355241497102128
14172389262554032066
15164911754891217580
6153041682603708799
1540003041483910401
10793677146080266643
13511847624461136436
11230891952641363954
14568917440161618007
7657041646347263891
12700028378135324874
4224426374110802912
1424330599377946295
18279292492230029532
14999350944319482531
16048563617413393634
9995837039610064875
8743062637176081804
2172123236553571806
2888386458572064723
18422355998892152246
16921435895533611842
3313197873840438988
3388718446807601528
514750954914669882
10942541014527110884
7185844637458863152
3353578241810200919
1291276448659776175
17479224261206111355
1894672610452658583
15995901907308943092
12734917042961712629
12012707429078498846
9912567342679659302
15159630914581856188
16207905441257330045
7175820526580681664
14041643715547681761
14327448872454655279
2377355039273114418
9620258592137266236
7789038703727014299
8134527815341783475
3340122363839540336
16130570125556474083
12960962454086063479
14229426997249538090
16732463183539356198
5550597695102597890
11915961324323377004
10913490850425400705
2546356712607116299
11194749971926279921
4260023566895674221
14194469736332916805
1769247178405613016
376019462794101204
17357236444586059963
4617456992558802015
9916551508479699387
7497576732107742720
3844898190558600476
4860314994695191581
8936465767179446095
5590459231716855197
7033748347434482847
6224099110629565848
5449714126201499317
4001101657802078510
14705848488507698603
7294703971281448112
4045055361231870808
16851670420794383002
14309811660651796409
18425762515648916385
17624067480311364700
14130217078804425343
15667224575574005753
592517346960221834
8906085190093743643
17800009653316831454
9779472271256317236
11187272937837990547
2831372673104855041
495273576159654181
9384213581227996069
9825308945609528672
17863209107116455139
9164353255665007963
13666821790291268957
11910992030479982106
12825994145640199059
14725914181285346412
5140050370481636457
17497831692524418034
10418103296589924560
16064991355137802701
8638627672943020510
10310744147013126996
2106199815052274
12312946136682828820
6795135767493545848
4788230249145434379
17772412374132247928
478098336052328668
5643749312867567927
14692201658677157363
7428457527871805410
10750449964674292928
2983726906172567303
204331781980480219
15041984672842012962
17101953583025193611
3772830998315590839
6202300283190681288
8095334378381424408
2375220918604302384
3097045872283935720
4692909881311042305
15655522306803572038
733456973898630869
6291118792034040284
3648019465312912599
13968219641452382028
17881651540490487494
11637468255872013502
16080114175434060954
15694848811004981573
16240274776432103545
9179097009952621141
3614995346349909305
10824147653589906981
13704428178679030962
15740728749013553675
4418708959233941404
5552900963117374150
16273424453708439144
1330101878220990935
15752072541268381470
3971109474015029827
8595410605955950455
1367165181847655073
9826030386306714035
13001872774248908498
5518303272770768063
16621678668706887103
2936718962164971700
8826370937180325540
7380533841921849366
2711425785514812113
8098248510269891421
3029593380190493161
10056421356553128590
2852546786926004998
5250459473656487267
4876219330007647824
5226685070707521907
2406815951237090190
2227827944344819628
16761287279178624541
18262206793487648434
5199983189414332467
394580026736739798
7261858213111039475
8099311000519440043
16498679825500310931
6540477826862470906
2926321521428981816
10105614933361952092
1379444641717665566
3326546380774113256
1409722685403070686
13526977328261936248
7675658673821885687
5657980353049742250
5599897173615635004
2257974602391756219
2768031754626628163
13974366850847659246
705975840526794425
16300197716490790478
17822779362264383497
15736314194134418117
7888741973843665085
4461935016906312410
4481120280743584096
3732469719398193259
15193504146102425280
910748346436536605
16682599153022044386
833095187377303566
5378840320493835991
11756564998381499935
609766731858517758
10046010125377970768
1010240962982593073
6946727344006620365
13100206785689938684
3499731514335729811
7744206790368224250
9629078872334137161
4497715730039210500
661144666763013131
4926409879108787590
13644599279942406136
7537080627300316767
13516797133707218488
2818032848095831545
355581752551611621
4602366622100531823
13447356608142459923
10910869582812704016
18411009512387112165
10557358872936319822
7294562571652621063
18099274480773740238
12150370531273478857
12007768739639906763
14607451507501478488
11166118422688599564
7039944864343826343
6830502401185588696
7459994830138852710
9539999388996207692
13833115981473604032
14124985241360624131
7645023651777901661
1347576194669253601
18297537774088964113
6282734120660361887
5999833470691292718
14224823947709193440
7233735033277246449
11274102516988479041
6701869411959310282
7725134916540450981
4011443694135901853
15438693759990224941
11591250039735448126
4018567168836737001
10467931351834898933
15676359432781608407
2478476001939476280
4214727300410550560
7674866021619899657
6582429129618914273
3932160326729233196
4789798378955018129
15313965582877806241
16036571441776067279
7448961185668856869
3160562221166962137
4758242475068909418
8657921671030676189
467960529034499944
6222772082552856098
10745550438147385351
17926089978834362194
8172831115683687456
15784005333823692723
4428678750462645920
17641164952282904821
2727935763557905951
2875729940701211504
13414616961547439487
15489098776387276588
4975273818800599671
9121096841124574766
8306856496346948880
11618541645341055034
7315317990646546066
16793943538435718850
5121884770347746435
7728344602643203696
9201630058426879901
6323049169353739718
13515537766715645318
868787469391360917
17514753089889829990
5821397916656841173
16203591175070946396
17723162569361299208
10555754456062613957
10097340761333027007
14801969438858275421
9420837355379653965
14210101239341025114
17592273920557200311
10793190347504069136
16801834218840562379
1668504174465686351
7516593637508988417
1164840341268908505
18327672929055020705
9691266680693832171
6814250720036092948
12799670864395219162
16111884576545533814
16005207758877416792
9881686165458441035
10962910392989116151
1423067313090163405
15389177371046841116
10771721288043485980
901456097538626217
14594160102020713885
1897987891815676441
7770709143121739360
7109200355797159201
8259037137645061768
17819016389608987759
7665027098609833895
3772081608525583661
5698044503246432297
530327237053465948
17499735957931385455
8577451580155961613
17214329538743930608
153497432297862701
1986393898298240965
14680819497967917233
12160385796354166906
2550073496496237895
5592714131010008654
5839080317017851924
11808179762180162940
17681164244137509861
11469266107328370637
11088627790390172785
7372794224877935426
11337282501736555828
16840160271527790013
17179932697681020379
15385997721561994879
18266329028857733397
17459359861886201395
14432159896548731422
9417913766368923335
11258774263367029147
15286818681204729483
11746000566380283753
8660693212159766544
4567813788301535237
3816688975397323808
8929397740753638722
16616332006459453562
13106270587100606079
17007440534045975617
6382247994680881670
1193650183128810347
13848262199207435608
16714996233654910720
1861265245360595956
2846825383281380619
9851859805052281293
15499754581876552127
8409859028217954470
639915818507377763
3390381201085330410
12243436877362715211
1119169980823284802
4303163273126930935
12299184696171369792
17448715683008007918
3301051331019311921
8306409487623715955
5536110613300025231
10301169079741155627
763451345571255054
33262912486659812
40195465030350831
2536048282525993889
11630431377201867330
14190087748026585575
12523501475465822113
11054232229730404886
2169971974406975624
14226515911548297817
10891443582573205068
7724544503029952635
711768215845024603
17131431370829199270
14262601779844663789
3874875849738748976
16911918262330742404
1018888474506637497
14379208532716241113
10324752913872727888
11236643935056398511
2201881193122189343
1816322856781193866
13075251579448270071
8766229644787873860
14906377025128937897
16162482847097223886
2055123008749363961
9007677039236951905
17656983555092595448
14031427139505074883
9717930128964320187
4826272400358540624
2115109732456455206
5866232075743023792
2392819499418034332
12327513732624549626
6726825606202274610
17859375990856947547
8290300459896563395
1549410385860943694
11558098093046496413
16452253615735285892
15768144492802276053
4316410552385403418
13065522422332990893
12232881374655665564
5016592245114157434
13054414689048413030
11280639477437970920
9047573633627108572
3503907306492522027
14853209240823071743
4589685017818008937
13625272736386519170
8203826920484469370
15001849976243478879
9663596244522280269
6650668100682165519
10241018482920908558
5097606635715244452
12320549759350665053
14699305569730267006
7876401197289206703
10277753229299842889
14086801742060830495
15056838922585985394
12244176490229842883
1458231088383723570
3229150267801737882
14009874665953313428
6523037957649491181
12833559717101649326
711566432284942650
17713943645776032831
8354825004172520412
6147792353303836665
3189800916404826453
3950524730091844805
1494848449567911511
12552914857398214318
13712613218244668196
11839390990375468409
2523963888929777535
17556176378080601757
16368595701971711530
14111332248074155360
17724710151768585797
4877013260174924971
16401411919689756358
10120855955582829868
17611068355269076967
5276524513194538128
17416347321975728447
17358513113484250969
13533598711438355045
10732653504859285676
10854789338854734698
14440106954081499884
15059640107406401794
12606675552077450577
93781910110717294
2878734486313202452
6603357525700088604
12821444272017462590
4313763847334672638
6477533384111945651
2215220293695782081
16661014783590032026
14893324165047163095
15711172477322759545
5514612204547907478
13136502109667495165
13664353957990259800
15557770622035991723
12637609099337268190
12418776239095714893
2845268194611706653
161047104398854253
11859212520385096768
8547664978102306475
7350756754853960967
15017846916272252538
2042966073716581936
5078765723758701753
2286569855383948203
15583522851576078377
2347867353791286996
4761134881001512209
17677903722135222846
7068505491775872921
6606687470941636605
18018279858006084517
724310898662270321
13297251747709978522
4978122444486354635
6246899834257131024
2235945560617510635
16789054497854156557
11521285197465839666
15398066245655625537
17906649664649699357
9510996011662586763
1317259250405415592
3979697197191200642
4349637925284929990
11092582261426299718
580285219783177946
5500852643138160891
8581236441077248086
7301751010307326855
6016908271265292676
9376249109730525190
2095987558332654784
11266144917267358158
11898845738608594971
4053256155444170465
2642972793118960871
491704744163256686
487712528004791849
12721705233865749441
10325316198144055628
2718539163314563496
8503121747544625385
14869721161537943162
17436287968786370714
17357594566450019679
16459871537867184211
17891894828401750976
16280414667430201891
14096774867890259716
10525210729149839346
11066604979033406697
15367721945015005707
8128539574260543832
6655405608920520453
17042808610081891
13753463168683078151
917948445227424299
2758649535349350931
3806717960091893467
3486735554019684849
12112801222536780374
17561906391906752838
4595009638605325074
4274397442380287277
1991960747718246874
4879240857232722739
2835274882732013426
16215356865200604193
10652092621895672919
15213532113506696843
1756409569697237603
16190626430244999
1470680532802364741
10704499801329545763
11848070353919171060
5139930778421458015
16189182922746425015
7834499192374451204
12169727207057248934
11672876191096970300
2143372567786964287
5673904100443505146
2237190160522233913
18171775476744821432
6098845246061172948
14472881216021145357
17573002806254571335
10922617054190227941
1493811025616960093
2051239091205241354
2254645328304765129
10175966609426107082
5103790959126600672
10916375966640279614
16093199469576104519
8224236723540709668
16882886052731194921
3323668738131021788
16150795940341844786
14209544743526324172
4273802813541019779
2627904484788445079
16096949269443792140
1705762733988028090
14900440669068566926
2948958674406402332
11501864672346451793
17807517154720779570
15397130819438847090
5825192431566883290
16429507790825405696
8564280015276916510
7972608659247547040
12720868693123368826
7382020831354891407
9385488831316669514
1188847704266446369
17313335005354383401
43367272584753041
18018338066236469098
5515478219931043326
15836080709110925685
3939515843459590742
3631667260942411855
11374543004041376294
3014071466753402320
853758901334264971
16278788708361625598
8333164014267667234
2779329056073045206
7895202658560841345
1996571735237621499
8588478308630341829
18410591458024161981
5589650473556523234
5998984005753239752
7266332656587585610
12887668090290211821
6244967603743309841
3916363505048491265
2007102885825027046
11352800416858861458
7119053405614958273
2343266917327749770
12351481295565951345
8578881619766417916
12724592449497149504
16986952776532968908
15434385695787777726
17506048367243040087
323116647531063395
8635960211142781169
4628663131308856247
12037988932916949027
14894369448108770081
5260971946433035710
17199594940198285517
16961189222201727566
1056169603084114180
5607695871633212059
12879887803300071702
15035278219800215255
1102601516574852589
8036209448738517645
16415986712764220157
8944349339423294489
16513613100628161653
15603401519051899309
17685901693856539956
12749723687654511379
5236492790592109730
3474401409499021385
13177156925962906964
9405670030125644433
9555730802526794253
5703886871568971417
2910816098208784373
15380141360474578815
18386772402418819577
5404358398529997604
7379940432258360082
5105032227278867140
4694537318847084953
17088195453968143861
9914963322702672020
12982729164462550344
28592639917716511
1184662716097212837
2095758493295422307
4543053076516937434
16229051490607010827
13930274313868383123
12139803334905706582
18432194934021041728
8964887877470686848
13513685763602968473
9183737742750153972
3806160954322401120
16521284254552655810
1168284283485773667
463952390530057578
9920962423938780490
10253614514447313584
13420604366751856790
18087623176730272856
7055301391203554683
1235055954211906807
2943801953176276438
5726760218175800416
4139728130471959566
17313998875173503150
6301398191891794798
11186630672328536710
10297099891734484066
274719017485778367
3272411716215919860
1471197193507267488
6569131740364892687
15647109040311311598
2988268353655759208
6752205332536427516
6071815149551755125
13600860105213599358
1536138372574218506
17705347917845875929
13200737447916697887
1550436118921863466
14705133178965126268
8006285960395432715
3617185054333618851
17215711584973861871
3252822618543388455
14056006623859213293
9203849602425658966
13418591026548715208
17183960655518251227
16915975764924315147
2886111387282355022
11410311505094218793
8644690900716678883
14276271082368593963
1217055274317895560
11455927704951142493
