4000562739230518186
3447221111025375289
4607645826412771643
9259156889549575372
12452662281338341074
8458607116552362511
16835273623641253428
1211144571500088044
4433116886793167449
15373391119014769807
13037258452281244407
7458566663648450090
7128623767552955350
1877137932151194797
12140876656446582822
15938757015050036891
7049310145080213259
7789372934410351493
15686695283839402616
9601408090072112695
6809860376338604436
6869760847217988924
1805695512455221323
5448127048013560454
2675773064672213101
3944012541147025464
3229441670800957176
6836892931846695391
4154114942401000431
3914574865708655704
6963731830582900643
11855916597493314548
2203487771822562573
3498650358066054310
7194343785629978570
14508747173938320321
13378574617894512141
5423970735299813565
8612982945211192844
17413038847612285717
11307543232221602032
9486624179187371531
11858436530727043196
11683263540495502586
14172221000784582639
9233995078184154371
6853633585694676011
13730185766213982185
18310725185212241678
6237826970375734857
14834928401477439808
4528184752638325075
1271833652569870045
14192997365046136640
2195109306623382770
11039589379679111780
7121295229504531773
4050081805769083090
16348083042700617393
3328658218395575190
11846467737948494923
7360170526669322494
18198743126880057264
11059578007085065607
6071285595203751399
13878703954700458794
12039316768723314545
11971535910741694069
18397250251051557044
10254333929901029080
4436695283915426017
11429936004771927939
13318674115308210310
18304790305673164241
3720011154984850460
9610979168729712964
6640466909129652045
911279908003499202
373299852042270651
5640517875215948148
2039061656746976804
8282558628430199378
7735106796487558365
17894457846420085132
2256205586486520913
15648736946649626968
14437151922221057771
1274617509578931534
4097408030453281073
1667514498456092851
13944247872478927938
2426413142220977074
