513926578797574827
13949058039433312995
16954470142400620754
8989433043029356790
12975759801168161937
6003725429694512144
2174499358788011920
5634745640468226485
6525947512421813651
1504998046269648318
7910691659082793768
8272666709168475687
11921547230649863173
14073146060396735713
126535364059751920
5415846302450652519
2625880899054909968
7160035767460439435
11363241937720856055
14894227681504688478
4342755222288719120
11828498248177196980
3239680175528360665
59480855818352685
4903878381902017472
10600695960824337289
14501435352747731462
5609469296813067016
15938783220942864489
8119721556763560548
1388135866597967241
18398280756076956085
11614006256644492189
15106701759341677050
17368204428879480243
11684640283628835014
6911141114367545333
16407834691503514167
5308754416677346651
9333788295683662343
18058745782425552769
6845958558277398064
11624578383336773871
14854132466581019940
15555468564670958527
6748000544433795984
16852370955669130745
4218393527763724763
15069872867270922989
1017724656550821313
17782195326390184873
12578960253453881945
17373496276369798014
9059836923402503591
12363693793957816807
7396704486804496653
15202993970494410780
10040447236234023721
9651009478568928197
13106029585453456609
15025117011042427046
11721431386916286303
10360024226666676422
12499316644742849973
3579182876932130588
15904263862882027777
9396299948083735891
3947361891122503251
17284825779378460932
10902946908748679758
3311569516975435100
14994560487862277568
8439516704187773070
12928380385891117001
5083684639179324561
