13782834488416516424
3033797253365942269
16840488453188087547
16849117887745606573
9708021521158956438
15259594099488570150
11190386267340952261
4439321456684068724
18233819921849525957
6231754274934724078
4268085503284186592
1076339177339335633
13497488963356052366
7109246138903491675
6830115413170830000
12292380105416482169
3276415823730938417
9244423883433619986
12943513752000808849
4916456867739886281
17184484593921713043
3855312663985801842
10678095096490715075
2494059857015057474
9498070090481920563
1773874922833156030
13637634952651092348
15533491208728319033
1928101615881778229
4332419057476739511
12989175640098969836
4705594026884178141
934069900870399673
739444168944295694
3525434508592303498
17408699978916248246
8121352120473598504
10138797199683323936
4242670218921238202
14678047039860293765
103747792529616033
10784597894178965382
4054273345689057312
1684024308847519589
7491602508669626254
18071204698157377003
4220433119478291310
14309984382990504333
1790650748488394664
16431027494841625195
9680600633359154466
11919863185350733717
2045967191279633038
2493101838729756152
4948180415085058811
5362935827062692981
2407507672441885140
2026662756405606919
5349943035990491285
1246454646817884437
1753109219157630458
2243271622548022924
7836592139580096784
2177529647238951135
244159393661390472
11251359014240836962
8037066829910665420
2896040308290112881
7312788048139726810
5421346175060678105
4059714274605727940
17372015615137331982
13771581536535358915
3917140781804685198
11855773165026439532
