12030336207748215289
14943683645009498684
455394892682994809
10412565719822120280
13444397381447355159
6144154162004288385
14373901919343510802
7270658928864409253
10033268721212094570
8165401073887702244
15792708506638079975
8294860716797303941
2911975231587656450
3406167579330835669
18115673474041180478
4385724145065234477
693887403466148596
14643967206725267162
2475476244563900180
4535374894367361013
6671991906435110998
15367736482658435902
12340104904599962398
10361846548385927178
307193860333838164
7119590288530319171
15237566698980829111
16040289393744832666
8701569319096048491
8021556005220730193
13338186915611933266
18392633117182772027
5322199236754887601
15311327090216671299
4836984023899300471
5584527970044813248
4272901541679201036
10137002628125292816
9956004063801740181
16917697299564560774
2139244650151592628
13751380897760677058
3915342051291466174
17680076010806961730
4153547593727167732
2374259542566621865
17262497804239389860
9768035067827028688
11897584253881632830
2036083296807058823
13139345983129977037
181008439297937411
14353426452804041195
3139634828640683117
8942920335916942665
13481850650270438763
4574782879615435875
7409850001867098061
12443316023352626474
8670818260074403912
6216770545299845099
10537979838746078442
2096721511337460414
16920804846960922749
10392851291186293901
10476741896111800694
11774776391280336658
17143938488930220474
4039073675133729272
6384758440473335134
3282023748977175165
7882630459749201701
13869323976742054649
10388014196995048592
17386596694681332510
13063213319048028253
6779715511677153254
12268831917200772795
3054912462937007889
16267023654025907084
11929368980854455713
5199688404034525558
16487198479786788873
2643089120572086503
12347378621570168388
1740741604191912434
9995503695391727744
18413002939807582667
4742379069643814477
444347670336649838
6864597209861677925
14448706831681349906
4908716746533037918
14663202142070208450
16867453511404268687
90496990028816096
3164551806158536286
4054370443108147642
994596754301712650
6642558035201406535
15473273659866156242
15364375959991082257
6915696081042770205
11894251346632171271
10016723966723605300
4644546938690210919
15223246048154242139
16096969051975473959
7934171460709069307
3460188295415362133
8712713992289070427
17178421670678037421
12223764789086417537
1611272642799582287
1056330921486092009
3147842210040996846
5934338225843533882
14635320920908829329
12779779383318366873
16644419584819589579
16997058843936613807
3970889659013115576
9496311197494034269
2017226160536781352
6526211162022791634
17755045225172788221
4181185888511908779
16005186946577728752
17319971799002045395
3707077590712890035
13002046474362882165
12216983693198185872
2850677304927854637
13653045942984855004
11289580634006232961
15382120678784568577
10256133604373196276
12798565142106660931
4122755143285351380
5065786998295216721
9938957094721433108
6482186846340209834
10191292048495025397
107510029317365257
1371822415349428768
16427179775117670669
13914906407888311527
12689077599691205007
518711297833033283
9397670214620073582
5016859610152160544
14287555595887168409
17931682368837612840
433333245187002066
4711334457045287035
10353950277278690069
14193719126412777593
14160576318102229872
17719339385456280194
4493753879362647958
7671425012214607199
13935532874053816728
5625241405181224763
16515081982423850056
8337224000680597745
3910150281843864022
11694212006374879032
12731862298818501737
5239654895933619435
4987733380551979207
17612905015236278663
17689213837237315001
2960472286761465788
16305175461167179532
1227683902008429131
4316414157105768764
14540454420369729204
4196048754010518483
4563021761541792330
3114795135214057356
10529250016063286328
5017690655504591537
1475646341530737599
842673996752871837
12396469261962572051
4759666257191610153
11867899571364505710
4658236884635456891
1514031895496145525
8887268723206329726
6008181858683301054
7860589139169882176
8585015347080608905
9596586110345618144
2565381893166226852
4395444020814752916
14842488349931722297
12665344636110143693
12519310336253714973
10628285626225034187
8896419100058856698
3782134643251879208
2666994898631235696
11591790707382825628
10628671471814564648
17043426666784935486
12921426169570568504
7784531956715565714
8390077310120564286
17271410520597560586
4897783214410875068
15799822671215597016
14298351510960488866
17606717127066271479
14088799595902012439
14020048282142655382
12756206276335579093
11742633144858528052
5079577951817902059
13458512582922434517
6243963131175326959
14184199102574954151
16732768492513370699
3704047713112371806
8406776427848280651
690214230175325951
2398893148508039241
296823429024855828
1578652832453684708
2098053743659188379
9154410558213182537
12018349775793242234
8589296538036800729
2064705408205873149
12889888302018896162
11610670825313434402
15757447991228443424
13095103292128137780
205441125736413506
5118648987800820672
3577985261970755333
13753064337478394290
8765119050740514902
5428638001498031703
13091216468150830616
17523644290426688800
11683199595585352789
12027642762429229474
14706468371491285004
9302537293017151443
2884401860947387043
9786298852793068336
2270227305998718790
17731729570770751282
10522353241648112457
1058847562521763211
11382090436800900794
10882973299773627465
5765620013178392839
5168008555813787043
11854640284147414325
5917636118960708582
3914875135626847165
10571714192282336073
12502127603934180385
2693329061888736926
6244773016705374985
708767596854131058
7188770439343233283
14896020733099776371
1029740773723184764
16848877552725827998
15789242314317756413
6669794387882713056
10749898448429355795
16755011582917209933
13131513767047530717
12748742814965980894
7775767515639778917
7741386682451279607
2871246736731472745
12455603429986162787
12784799145560843969
11855514376492392090
8553378510318560078
13035853288499401381
12371068473195779203
17521486364608457274
11453996520200638882
12047596971100297616
18032087395039199463
6415935166027905358
14039607873149282418
4475628297513648033
4984549737753338025
14814430069347769749
9960294091780846613
9173099915161489074
14778108397151110810
11587691107879021746
10915986530357699478
14888118416952712670
11336633777975027485
8755984577322844146
1677422439234018953
484309569207447314
16154362167279465016
924891712711284156
13307334266422194021
4599639893687768632
10618784160456678157
2451396439574120930
17104587868777558663
17322866273668557144
1858581551808106223
11411237944466650865
7644015616323930178
6808344342404216480
11330532373942741303
15226096167284524215
323825480670165915
1379416300626543214
15069640559933062347
15574715327278078673
4192150667662676454
6324606307702693543
10889812780726246634
6794979329777750918
17395036911840276575
5871961020536904461
16082950028578908493
15573688997516586531
8232291720117997683
5440588495305506150
16395263969634028544
6550618898768647007
1392131566850734371
18049500028297155085
10180977985176786489
5113273651484905196
9522188347097277098
17527324414170194475
14985387204207240397
8551581884736163704
13950266530726260689
12190013546424264231
9523758799915624279
1014176296386204258
2135325760708517481
4869707021321359122
1941177642284844267
633204348417177801
5614344603466384204
17301696008864921649
1008326159740769370
9758775721463864049
14300702463111685485
3458068010012936055
17100874221401606482
5905711376167601703
11034605947302505334
207668153513608423
5529353087227225578
16268009493030282563
16660283523341722073
4240907463432042649
1961258108483968252
9097945884016679786
5743706867157675004
13690587815552924958
8401093013518467265
10209451335604257464
1977154852433377643
12573194622335465357
5520810303166178614
299954346243860308
10091952065735191182
17909779777436442690
16264302310365689760
12592716270872664595
374884829953536063
3231076130339774715
5345679003427073656
15692346884351754498
2237346518919215144
18173633070245025300
12638326311758825423
16725544395230189426
807010162295836120
9363363472374265342
6145174167193189069
14121106245056723474
2539197253189179129
10181146899769688315
11527114050589953049
18038157732256832303
1484396205451742138
15717845461280593176
5689214367371397923
9090806119220278527
17911391367718108473
12639851089465529508
6089649341508664232
1858134517728601817
12748916929947643940
9214146516105580262
3856973561687514753
18400007780274152715
15207124385624468016
17530236380680569306
3475250297299046202
6248289332266745023
15882713278981933497
17225142620599403388
6582176843252274318
4870298713944928095
12551211743904329468
1975772179102510559
15595104747713552260
3201912826375358263
11841853763704083188
8851862158457527575
17757995043294605301
8239647740128636736
13558704546711494774
8300626690060095754
9772694177383911861
15571165959662032770
6886025556541505839
11143545141550289099
6651370797108693547
6145619334445595977
2622302190686401282
3311073943780401997
2893924069559302250
5537139979452413053
6592534156467744704
14533559749968783121
3336877378093682486
13613721502936641674
8362505233827005442
12000409298815032419
1444906460130284858
17497683770658100192
2042424662749943833
1287251120584880790
3557456173331546986
11868356754188215382
6836971859295304465
7707798522565323772
7257297343896053220
8762047897373546755
9588801053943656933
6254444713154179947
17756094331252888095
2980337925029104402
13418628532982166855
4322817242416065862
13554910576722162693
17681451307767477196
8747243989985930072
16080069873720065665
648412840432770579
17416517838646382143
4684051257958782368
5410955887455458463
8553080674163764531
2284642509340891073
14389593641973912631
17643817503218156395
8807514238945224245
5165276636356464197
7069474458538819154
1373884175985548609
16061369877816036938
3501749900858586208
14116058995069572041
12768010119106691108
14046661065452862955
4003203718002786963
14862090076978250453
13872363398902066661
9111325881322010629
4310755216646055792
2202956318332250176
8427650362600179008
11183179922740626504
7726873840290470872
14254944912794379260
2151189268560048954
17818934414902490737
593602050829195017
3186614170053855013
15745352273690434511
891784395514937388
9361577178701253723
9216018120308305796
17010242289836401562
4120079427106710071
11144166486495622968
7653319840070336790
17536202811823906311
17972089107828784809
8465489152693826531
7368511295519286142
726854351432563855
7732041466918047498
698118219233825925
5361151694345098966
8151033784567690561
495995553379279444
14038328370937625752
15632252999435779719
4501158294695710560
17386758227347243571
15657331445809287099
7554958139587406188
5375338504823443962
17235010590179664236
5751517381204181641
5641447618307336836
1424566191071725449
17463258459746598037
13358857941752067632
17370848969314246876
616598063236867174
16236137744721038942
13973768123257910320
10784821050902280129
14754570422160974143
11308008832579403991
9020483324231756772
10316622822931251596
4814376267171987221
6851657769996535461
15486350038667101555
15218237575107764614
3330434847231455540
16548347635349279343
9131119584695540582
13720077151552638869
5396931834850800855
357226981640730673
12845125449309791134
17911315346814629151
820878111057137002
11223484902330365808
15941768347123489172
16417512787040919985
17785504056490876659
9473135991987601467
5095389378622327074
9401548130806617311
338359393673314751
15961087484285671752
4885435161567890183
15881278377387127900
6898533377451682156
12701765308758664227
3475358749954240031
11083351528280551741
18096808437665922370
14943438848579031777
7898878705572056269
7409324457283513757
6582856592791573146
4254137104115675347
18324167311062792104
5398559196049231185
9784681342110307703
14055374544152260668
831531830227107139
3433495627915123921
1703940907742245314
17297607480178050773
16620198691053178756
18025952556368279564
4841450272711965464
6704543816114393190
10539044692266384983
5966977703439051670
346467572691715577
8113007148519967196
14870009269676216647
6211161352610746036
10784198969605287539
732939910256020783
12341007844774761593
10743268896401225826
11825781461781504666
10577875756649000949
3318230394087729694
8108569190601577175
16958869712858428131
11099784623941533695
12145597245654879666
7266988315593104412
6830259684624317091
3979625022592432204
10999322756028845085
10986685812073747694
17278779761211387018
9560609461755735869
15636906284116912668
13824108533152979523
12962134783379225171
6295815905897251978
14667115232813629374
2285848039942046494
767843671448117974
5544583118983652524
3050135219160661645
9885504907843909957
7091551171620461183
9754277630468316829
11749176913567622273
14507760688982358292
13429383012988883633
15849331776383883256
18276892337797827422
11471724457158273482
10701921220122893353
13942089244798592038
16319493561760718933
18418886980635411052
12216976294504688678
18386036412636367061
13753009326882763300
9269652967143262611
17059182407255209275
6696484742388025417
6354339476172044926
17271879498395958214
12322805372938950435
13043436345351069850
10922788571726958017
5200550612493899234
4212248220078400246
463639335216294796
3526205126976476923
13982565846053570931
14310724896296424910
11468517077354065575
1647119190835467310
18050163524228389350
15671241967778937170
5196352128693119509
17622254926588673378
12087267835264210537
3031979046869524551
14285283928712550531
673949830930920000
4321603385374771312
8189519165267498080
10017906610322792320
14843955495425232009
9149412240468787091
9471478098926568502
17014918012735185005
6013619925885840055
1910610420481708613
13081336035117452600
12120742394796622170
1336336765759588639
10946752154596661542
16629975642151988621
6116564234763113629
6009701735089341650
3536534513116462336
10373833634576548445
12372437378325411218
722399355552420584
14273582266364257959
11962079787821630180
5877116916691428152
12417459315054617521
9256275500038138893
2149655514891912566
11587624969639939524
4283491157019939508
10811919729465358319
9940790593344480370
1764781673712067225
7473594850896625535
18426323902164918688
5567160117354150675
3051762773631160658
14086903272884041236
16205387357077248282
6586283175015632554
10695037831371586838
15484790160741027572
4602633869604368196
10498412299149889380
6013094356904751619
10680042152829524494
4078140721276606146
4160446235362068300
13641170342444415611
3702290837970866003
1701090589643403724
13938304598312423501
16482100603740551443
18281142197231305874
13590237703256992338
11187117744070901444
3737978853552060077
6701386398170339874
16315803128599081394
10345125243583506712
1105349989381496425
10170620955843578327
589789870706522024
8782072361897605647
18104941260541543070
7079507617639319207
4599447408587769230
10960591017537129666
4103370600280093971
5941626426852953287
10766277317137208024
11920912502846210374
7947044456063648149
17285594376639669978
6223726461659035047
6504828006957517289
17723328465732148555
5120901960041608525
18069639690072708526
17329791836784009788
10527723441514282040
12848872184554248070
12215777801667024528
9449388980844553611
11757483634512299681
15660699187871333025
1159380361565516461
11049984168868068978
5626492542612431689
13080088821077181257
6958459910354845261
1344707272540515163
2852658197784458942
14468960520907949641
3511058971823864487
14020136341944395325
12160865793840699053
2254120871370270144
1143019937114751322
18278357121802087415
17370946594547855961
3151547730791874123
10027171096451504549
9171957825508849805
8081408124743181284
15199725082181486341
17520066708299727561
4373446699915798208
10090977845595279749
12165375045642300230
4187179813801022773
13586499148910209518
16748402420641540549
8968069569208949085
17744790966487713163
12083274090108944135
12418665539556600285
3620113322610490238
1880983673350912507
18433594802731651929
5732013703866661496
8830579879967070318
8077433310082377810
8063153182008716214
9817651945522025810
6013464021376575955
13124956661963851258
6907072270831760009
9431012504665139471
331956321066257383
5624093326460417767
2829742603921479264
2958519546138767587
8147845200067016215
14705167400973942524
10178639647048720212
16953888222861005645
7437656667190181358
10133651770643670140
14429012917928413554
13114056167534010673
9783184095706024394
10283603883689725534
222049081705933264
11646129313575776341
2182551151218349804
16690352257998118894
830484237449325930
13295737329622265177
12733281963240592348
6060070277806865757
8106961732919343871
10122919805379264851
16584032477861053397
11756519035446785652
6040355703547938578
12110457368795699500
13593967898026800519
13125942445874459314
8542666595109985055
10347646235217470589
17344499454696974316
11431422782062907675
18275112133098056060
6981086178553245414
8268256964856154167
5703022165634431240
11807874935787937926
6204353324015434372
5567614255906566749
3266979486527749798
8947321467590878351
124880933661872024
5263953970001219251
3594585411905622997
471598725609006711
10930648936895767
215889498302884884
4451905863326661508
9656881956986760060
3962620234033980058
8800808139772696142
16295057243053073261
4297404755163637
10869520322038076299
4405604163371957419
10918861380663740833
11496318554197537625
11892005529415619788
15223791166175426928
17156977782137531977
9717208388201546035
9495812356851888883
2941278728768006579
7911946876021900529
14386321637859169220
17565253038547444483
17862546312300103270
4476953856983430167
8490498855155523371
9357687364946378897
15010374488818192029
327831623301833941
12036941153846876154
8106859617466406824
13137049078932236721
12084843585283917814
14662439039088184167
15135814243754803514
7285000288044314123
6061020502486478872
17109030063914988440
487656513279009875
13633387185773275415
10308201251901884504
3437362876842934764
10752203944511794656
9927098083527254920
18100100427152110088
11086189961873006457
4174009528303519307
137671950826823322
1151952508489130455
4411943314311634452
4222430524520227085
13702156229726067652
18130322799623412197
10855806211306295383
4395398266236806004
17918953971952821815
3397790833214479389
1627698980249823326
7606552707694322991
12392312311134777513
12891264760953482131
4709552690108504898
11768392640069792973
14819725622650052429
7159223045112549884
12796665106093288594
15205153430047281738
17140104469368675529
947734179757045867
17341931137865884212
7533326446619095323
8646836345913280143
1934653425332270288
8469530282640106100
10539603457262920634
10161182781111355525
4909101100903438850
13823201274062057814
1704410395176630931
1148820467516648493
3220910964720340908
2985455927001247374
6586663532411728503
12746745563307397955
13007313141344701781
5865621954784148730
11851631124196262920
676943675789260928
9776839997251369130
11475209867497995033
10990178878621712888
959480422790443361
9885642860603408160
3326216441433357325
9389469097308363549
3105215476748246751
3104034496462436762
16582810102566504924
3925877029067593094
2173493117797569876
1097739717124366795
18318119529188024212
2887293594894208236
8649357148723211650
17095547974165637152
4747469234075389145
1986602067356801953
229421285175216089
1885650396457142096
14006179805850516776
22294523794730009
5480890732546770451
3616509278163033582
11210772796400566938
495281027606273762
7512133181983747507
13499940978831292556
16890672230809002829
3761060834892249567
8485797873826603691
12381500894730768237
3813974955537188293
10750140623519308394
8771840752132152494
14109922708978197084
13358017765727921766
13212453369645863597
7850459205028044796
17537998492217456396
403948903296710050
3239621512417615650
11971225017559657337
6144312875439538729
17218103782586897366
6419181590747476248
16798961389473541450
17018911597881719650
1495381526273752296
8427435037942887287
836017904837877223
3629947888867999982
10151110642755129559
18310496447805065705
12757229496863419716
6064152043692766881
11835377116713049472
3179970929111752532
2854972436187736954
15001440976560789223
8214522915113180856
15510804330107420275
15525671183281456972
16698128919253707545
10110702734626770820
16772640229181722833
2993092556868809444
3131498909148462032
2620373838810027536
9517547547360965538
14365141278189628373
7230315132962257048
7780082600418730951
1606430240640356730
7255751769307384234
875036972753643981
8500259479962554461
16534750470553515696
8804179760720745755
9354845876353106769
1399409677206318931
9432796470854952172
11912675436809741907
10136439330326876735
389161947159532363
1898443126310238039
5002787686077741610
6733114783322125510
11950119969053107610
6343240004230534509
8796719528111186167
16406249787344166962
12777944601519187401
9991316112584008692
9003991338286484406
11530766561553304551
7222645903179968804
16292229998517660856
3632413195114099206
4845737529515064667
15149527201166406163
16422760781905369917
13822654526378185317
13572323166137912157
13617175314796402460
14860679993506548934
11646457493297110187
10261155282890725308
4090449379981434944
18278583774463026531
13979833548902624551
15200334576140868093
7692029395966028619
1997599713432238358
6357084521126343370
6991502155490579267
4526678284258586732
16299258534589411449
2196202441482226786
11914630974080702862
453318227532973805
3272933104070539324
7666598075200410399
13029157192322011108
7900930261385576039
3290988384753136559
17017896714106120836
10489789842281696225
12051523441199653568
13711564173636835355
2973204879375855365
8081732632751593111
16098210636587262147
5795252015769435369
15482218719763184275
14713012236155257216
3205180433640325386
10714181200532663773
14296210549620766017
8935691076366188827
4062643436854689969
15203167548580521044
15885084900087170924
11741775958617416323
11209707108642630996
16441300272597458106
11166824318955723476
4230966629560343044
4794413754731468923
352485229067054361
5707381559903442246
3445205739924083352
11041058514757325030
7130448017931206618
15660932978918640668
3390169688893243072
3438623211980558892
17268696082365102916
335572692319314210
13072325271325174121
5019947377715323594
8581967722534188329
7622663471334942688
4815729161217020551
2433854636902302051
1918742345083370775
7760910536666172156
12947170714367336917
14429797997829751781
4709834267234634501
13944229627110312630
10033288564979237461
6716516541028161797
2520127855901652304
13674785498629597508
6027581217232407529
16357251935192686851
4704859470361309149
2400432622621285964
11514329232014258041
1310637721635134995
5303592505695642119
14222277246372422860
8826141314725285268
12852556515754356289
1470437832060232446
14176549938464405833
4425303553388665523
11354634099222474230
2087537659920364489
13749681888995764680
13590786903842528431
7492743254905871462
4474733044705574633
