9185444112387777593
17025528142943924582
11329732861269036442
6284146125563721082
14332773475434041805
2243908692584954710
5549247807561253910
7769365210301835399
275766812528419192
13799222243020612193
15932155044330423309
14658227377721358839
6742036690237687800
11159222648810738867
14393166989581597036
1811567269678637881
10850315640618343494
17536639388447950910
13881211724151620424
5649197613920969589
15605698459848604909
15601893302386524711
6823089225402282152
17759719034666084024
14892946553267438267
4522706247321315032
11867043446797869857
8043923990796971208
3925661642503681361
13839671592760903667
7167658879750035705
17161589531906845325
149099423924950800
5260699207422741703
17692885723968727364
4168376644407287170
15142326393161854215
12096283368721614214
14709093142857986911
16844124933457421135
15285773801043412674
17709085650786714971
5223911914469481213
5895272450358683643
15005878347764043269
17042014181160367937
10357426911440695372
758238287548095355
4220475427628411210
3244079735546148280
7867270537138169437
8169611726204747291
764245110659616234
13060885493748396131
8555192973527700412
12813169313293563750
12249122283927087448
16636881613973489832
4478016802776693765
17473737090187035369
13176248117884933846
7069607722915397808
17491056502527268824
11808088499482103643
16582867027461250400
4372488280254074982
17384036235458882648
10330613065153361925
7177211793577194271
11320175435788422161
1631493641650785051
13478921852665655551
15819256486010513363
5159228971063784203
10017447034475983704
11449412394857650591
3977410844061785081
6168757447351452294
3984356941884243303
2910124629896969808
10514462217892409690
15314645126636498673
6510793173608226167
743267827599296710
16759745023075609263
3606588768701937265
17165445563885360977
5576917957644390424
17159401760908893585
15495792595833209320
16413711624493979797
5601094715980056899
3866278199180586241
2401207230968994838
15071152986830909462
5302363486952584528
17097971592717718326
8869294753419329260
853537572679383893
8382052108509678942
11359198343293656996
12846732283760327462
5634749337601297611
17006121067530238226
13290630668163183615
1681987348945277213
5186114087689141811
10079633961417145820
3466827379285409001
399613212923030986
15672892223001046666
35324039963742864
5237596948514454664
10733804338917745071
5220284219104126245
6780402719628442348
12473550635807000027
10201535231271800608
15795797719123021331
8457785200402347372
7603269018509316476
7624546895833405891
3613023936673672612
8565217258233228968
5138185584462773800
1165518731945053187
11645311510882354560
13292942239316275107
7445282764819391057
10378914502364096778
12559132580301980642
14435614305142137772
10998511827296073753
8970718015680529099
8409493768871965158
10638550472188075419
14361891635555333105
10065323301046013491
8311175640359094536
8263646172151515162
11549629727570472619
12098132492373247652
10910751546219508077
6595080278806574213
6162621901383995391
14318718023869315571
3593351054399200579
6621287633053693110
8017019908265758905
4097760390209161431
6435419216964118045
9388790875292822132
14909426446520737903
15262216447097472672
6130672768001686834
