10482396678233323029
14017799699437776555
2949641741522702322
14395492338241019834
16331607609503217108
9343176217631307716
13791302860954677966
6744493333211916657
6265730446084418364
15472752358928679667
17496891658888752185
1844747443415753510
5191091825355070651
2794422235054616461
6101419978721452427
2422136215642368536
5030903054418048341
16580309835567956411
11686815717853856651
7794044851777669252
8065829690967393222
4403626863987883910
16551752852296847543
7120784341440045800
3490211642042034460
13346901461040964328
16400576275730667707
7751172243216540278
10908596097051232011
15432939371458445470
18021932723135820282
3598559352903333035
1706349720407956828
14723975039910623762
9553371956016545064
1585031839591338709
18084557631741793426
2898948027599004315
11142098818399861829
13252282128703429309
9893102123531514808
