7880148339007026008
8834993925107172972
5717145158911403457
18308329711646202851
8167870448953254778
5744848755762960267
11007676821964532178
2860315279147619327
349740566020922270
8969423246664372932
18348255308671659254
7741350407425546658
7106732875088407299
16068398589656351533
13277124776065926889
12981621457983670570
709114006037799064
17122867471794496019
4088493120490737045
8732825093960864619
14469524874175848199
1906356820598929700
15968933279209600641
15809863927128083151
5520571372351417148
17245154625444035992
17629515902815056742
1116592577589572853
15847565333095311197
4984560661658099237
9685483079018260077
10071277554507761293
1101322413991682398
9976589389746738619
16984248270408456557
2524233309319182104
12190972945795405767
1199597232390000455
1205087720498073572
9135198598020256462
1620027578843282960
18041245915742729871
10903274015329204418
