1214580537612887259
16847404376944496761
1494665685392320005
1747361081794328342
6600067077223491083
4556334457323528179
8600321242137012103
4120327144117929859
15802687790325138846
6214199201176699726
6087692267427781155
11223077750214063246
14012646960524522368
11178266544510702851
9899360731779891331
6512806580861069145
2131847598031129076
15623665201807811920
1302625851979654059
17042906309507260258
6355068162192438568
2713672452747653213
6023201956518504499
7133360748756633049
3854434767816800863
7678301792103735974
17025280697079961458
7793547411099005899
9644002172511735767
1752653379417601072
18145246922337080345
3079929329638529174
8861882971890025017
6268917687128326169
3669571336411053550
45802547204905021
2839543149193248048
374888799311586969
16842714128846697206
