14766677762181051439
13553761783811588200
2244397554501796300
1325642553724784623
4833157094616390481
10810002773898901691
7063018905745817838
5644597587839697355
2217358659537238868
9666462059775806550
15361047153015843069
7451810181230421872
11880835772518107889
6785984443503602909
10584559333462503435
9126435807488963622
7328592513335219326
4228102918985306935
15935914761266158568
15744682357932474351
1344133321833912730
441063035681030244
6303822201436938181
12715325862688589150
17477734504889586106
11227466132310422282
10893874287844994776
12995749637993078743
422561797266906264
1547935757113676281
654796176831444742
14222244572377509120
14094225792857985999
9549294318496475409
510516361034015615
5616284408051106244
4892769574208520524
480023931390805748
15063927476410359140
11938263179031991557
18250368585352045865
8616525062281388285
7890872278168799892
11555721755729536048
7782453271936528287
18396831196920916474
11343955751607742199
10596356108964821062
1874066564131206366
14972278872185195705
3558624163629102733
412794486646026635
14550751910463769443
13052167749302203750
12807463790182548513
10305196996704682409
5141013369497678512
2844863261043129004
564005391058594772
1368686788172097717
15230204482712930019
16875910159439953212
9902813268303110531
10606981440549341248
6231863085745627025
5464940693383029295
12759798194270997335
9619683030463193106
5394971496400519817
1637614226989982801
1524657183302761184
6677645113450107893
12969873339682717241
15353010197384397469
13091140356319863582
15145197693863276598
14105766776119077924
15384376156569946018
6197750817699918677
17275069881555586457
16408509358391737779
18400529403989003161
9684938131771542786
4192940151777971703
9712298062888690825
12816512151994316176
14125300060306879445
7680888185969144747
16764104214801144777
13113128704139143388
4434375613489282954
15128963809732363694
9292767028997393817
9152366646996793312
16362592811159293609
11964881121779810187
15699213671973773261
5591164184026454080
441692390891964947
16026385086246770898
12568610779605566944
15615595126265288918
5254334753115598676
18096070248991840077
1021870916870422612
17799976669689336315
6590553714685510699
13061177767355142804
2470507446309369836
694317904448279787
15687516498492154172
14712307262892107206
8631784988329354118
9938040744290397291
12137714329849861550
14547713913362907722
9240700681223478189
12635659856689600331
4119460946706467100
5025893322793421591
15940594451302601568
6969818868756289375
7203016977401660504
12683537768785217992
17184412310649567825
8733925903455936193
11335216749082985772
8657243700012391083
5491158696877053741
5435189768500913840
7137884605691445003
14660682021168470351
9724566105773256589
7863538124940808465
16729545487878176594
1322591678351281192
5473310957065670016
12444463927593999863
629670944336776513
6440225010296642758
8859263160917151367
7135240235157474079
2541561115294274680
2851866681324237140
13392492522765302815
18411255636437413593
6788422782369072716
2580678760456146239
6322599137776015772
10721288676127022980
17978373299654335853
10701154840494279329
4891335303529454591
5317010546226544817
10613483924715664815
7591087565705482439
7182776003460980111
4979897058050471608
8237314418347847261
5108523583351574766
13883326362705996867
10384375361456505800
12151164182589954113
4613252001368347537
15195330501270189858
15225643071467977089
16688273803758746078
1340973966793897030
10800093553606031098
9804171717188865849
7357483002326190511
17327749189238289035
8004058278052469583
5860189579013904177
14468117998895830668
5875157269716875696
1970205343541401290
5125627986832639109
9666158413971671984
13233505970196004172
1323944016911085574
5575323782640710543
14580670642395094691
8349502310148001065
7903577306528048914
473624568814010945
15533740765991889938
1944636416587553454
10454391402260090776
15109189651546472341
2942127147644342816
16501893923637479133
8406687592353082741
441263194374524101
4924174384527128330
5926444126952520098
18051099118300914388
13339824870904364145
15138813482959524328
9913516918945822823
16262007552816784318
8074901212748114790
17405742550112060708
8139147242929997016
509951078293228269
11074515094881315789
2480142736559890015
1708872140850601108
2801637772204024117
16599021375086572653
16453170629149466933
5376727905241738221
