1988726921568376892
16557465356174170425
9866103766684648256
15042650572379987866
5603139366333581588
9342986991410665141
10477697388962111858
16708718593060247750
4546552130821274948
5849490679751233874
5837609120866212449
5609337585337127644
9833622580005428154
8728301539225685313
14598138630399065241
12614998386724997389
9660531435377659058
11455057355963690073
1831629820437100013
7091680405486720786
14858374166659348160
18315649767855751265
12031787591171285047
11558953990596720047
927866075512279099
4235037220127619690
2414269643584538698
8662841715417262070
