12953569843572007866
10849886389979013357
17963960063854193803
10543135428986064935
15328274806520786128
8834592972177894815
8356140510990575614
11818904880532020065
15676367605381217390
15337198151675690293
5924868805955514768
1250459904659087222
4036355684033702590
13396712924205723758
3273045133057649684
12616368002266285424
7339706565432183937
5491280755695524619
11935205627835940998
8993042835287131352
17072413613486737071
8033685242173040927
4673594508801155642
3647021729632838017
7822422679763543499
3289808062501896602
18072263168444114904
299723691212804570
1527829315031149982
7092880932474712296
11104295524506210566
4043262914132936350
12437213526041974634
568338627144430455
6267285638652606495
10110990932132217864
4244731793201002472
16668071918228091931
16659998857883269821
4421256335329347683
11745268777157716283
15275538441699736091
13407132879562789857
2028024348119681696
17506248093116563047
7355633671593612831
6694442678359572110
9423750698887563432
9604534436648537534
17797767870112645044
13319592906875533475
17782885513568886671
17089362415167819935
13594088174593380608
4724399838020618335
5902498346687225366
15402170516819214249
14237405544011344070
5688302113440992267
2550065082657092532
10318896768715344713
14887878041883988398
1652793856834188493
11520807857409350931
7688213853387813314
6826284170278436734
4424562071834396187
17020176999705515723
11893895390530791692
9063618313401309661
10496695636798833398
12013477077291199301
1622325542995434288
6291362548609592196
4624625842916188069
14294457075489779623
5869949772608364420
14889696349481627978
11859268665652613944
4638384017243254834
7556823282245143488
17215737118231867547
16371696313274069315
1241891307177983890
14842115723255322902
18398321321165221581
15262728690298430513
16110248142253464902
1054753799213093513
2853809759172209072
10798556814535798803
3254728682847035572
16037339510036600848
490510319373705246
7554778342465508236
6100525462465072760
17397857346655254396
8911687557967806981
14277171633686389278
17959997471138297011
9612364221557264001
16321359069239483530
14753569779263936970
2434154942997985523
17457198183447583051
11451444512097029007
5156265060556610687
4666598959579766258
11120412309811370885
8118662464459630534
13382992023457701378
11040758170493900620
3301753716697325394
6144732743099667000
1566329442218150385
11519077894515808291
1580212506998887515
16920207315805669351
6616376490343596846
18230624519489418246
5091656074818143755
245300869018812078
10654113227809036039
13413555038325842075
10421096623545635208
10362635366593861194
11485024795854270373
10701446134333858698
2479688101983000954
16969024976144605186
13787529036039456974
11936663262824040432
17310030753980585483
11782298750564678520
7971381374864457239
6801188980581964715
9189756696233568930
7127654367696724792
4516750840659856889
9990121887892162208
11106590901749206076
8515654139139852306
2203037532290612769
8044959449653794227
13810157077793369472
16925470179530838101
