10054529154125736966
3746847893675275693
11712738133694072622
10062432257987406904
17770847688935524804
18419209958313313243
12760920039647321502
8285578012019914233
18150611314261448747
3283020143804215215
15329844347730154148
14644467577285140106
7441170372783451552
10243096226096721469
7876164375711912826
6603385360154593105
404712923401155096
9321112396577348818
4016098858126922186
14207704736698045822
9105606177207421655
13148896927021693000
4664143175879796992
6950700464536277359
13654791278209467439
14762503840246827267
4723520123306145048
15174592230521435478
141654552444901785
8332335721707112331
12527273517360042150
6357646273959406769
13395102361993277349
299301727032180850
1566515113060973483
16419492913873349681
17924191498750417113
11101512670826725320
9232106392431978219
13612634286830547841
14105568809122797338
10713817238046931660
18094115081102861238
4821144917564397883
3571705762333012834
3927931788971868202
11350504330413579337
13376697257033066821
1823549641742878703
1637012358729976532
4713266678328394927
9825510057640273876
16181397874255182213
7714407110658079964
4137045737287258312
15154473780472662144
12768615557313122970
10385266661620995752
10696190582643439706
13791682595374557915
4839158528762105967
17236829821080565631
4566414503565299650
11966178859127047888
10377268412488082902
4493819450105834100
15161734106114672225
17109581289521984336
13466623687451256110
17144818053921214565
16863715152384766844
11228245193819449867
2998836223255281297
13027796431232743161
2033459804518645722
8225495730906828784
7147921480085741826
4075443263256787868
1692262500435975150
46866645540104425
7404917817091679803
14255118401148489400
7398014354167833613
9097296445539062014
13994691810596868724
2884482024238281499
12349697636962883428
8775847922537093889
8843336135550954420
3938030054252856496
8274794887644940046
5060208950965731053
6064916675657701248
899155432665038016
388440775181328863
7916595690793074803
160025359396969423
5338539731194452965
7556671871207124486
9185298703723713040
9766802851851533378
16590830725990257746
16924541353061772236
5258107935069852085
409031918213118128
3212980589292753874
10191298865520735587
4959536348946442720
4436178024066017176
10668962514684781694
5731068071079028698
95461701351846030
3359807001013372662
8205208364235444379
6104628586466322311
10966675773076030174
2788226427318044132
3515235500778830794
16068286490214631751
11943841644373291122
15469442032194257550
9335459722706655688
17181196507754176409
10469772526330045480
8200267245528740857
2293872836195154144
11995805675138194722
6429176385711240324
12485510073914350593
17146937917171941429
9206519901517346417
7877660687253925976
16435328440617080089
12936361257082891630
3113370334759167774
11524437247121160638
7318967521966050837
9118085619893882303
5363480566972138983
18234003617606967703
10963817571100307977
3819665599205263377
1173047642713224019
1875388814984856260
10313565021186382012
3817446678980527733
4758236094909977802
10214986045422657566
6827407586979155741
2898661812846693370
7612771311217202171
13238839067984894828
12022268953031738675
484134303603672944
7167454487119769133
6786695331923826107
16026003631588495636
414205454969160819
2606912289338042161
13308973261912617601
6965350550176374261
6083617477190361973
11367687537581670925
8100081341245121927
4831432616666155380
3638985566934186812
12532055320580094134
2480991350266271126
5429971557905379676
11744732481120986301
6504262469955527552
769919023409770226
2765903062729033274
9462935464516669229
11182845335023367874
7814956771787118356
9439897487857057436
11268680103554720057
13007810289623134917
66761321582490622
17723356313724314447
11677068729817859633
5015849494174143576
11479683868459782963
8020015599211893907
10572298177583236860
16187361164764689263
6934623440440042980
1784350368305092480
1405068805843609690
17874547186915015742
16271818023009314178
14896230563450102420
12635853739989498762
5694159905026329273
13664932454624829267
8284149646183969622
296416462661068126
14457991288237342073
15153097834411720317
12485480199680750699
13657339679361253067
5847945648625983940
5548816752967172845
475015254949303936
8097772444531488339
17194653515153768082
2352090047664188849
11520031132019745220
2387657603545552720
79699951384653802
5626135163512741555
179703467750314729
1771160409814872777
4291814623589453293
7300469913069332861
3246399481218104230
11978937962716203844
7173939956660716297
6958826085541578944
16725513196346886637
4347868264649413714
403465848380777443
4392206062761801853
16685339737085918795
9288109366622912313
6159454142474283448
8836154326699523285
14034705441489649840
12889781573990885952
17029627252720749030
11169035672401772655
16718913632134214068
6870321967721832942
5855380870368447407
10340224327979776499
4294767134467500746
9984042593792779745
303063021563243601
4591861034456352613
6740259187292385498
4338617575285848552
3885505802256639022
13606239577861956696
1009696768736800958
9993533392941231407
11167036134970460586
14923809015834029806
5120091358057451608
9002035685674345072
12410249909660827737
10600779628057244044
16460548624092076745
14340519543246539315
2154507717126068147
1219568369417784746
6203394912608902629
6806763906081328509
11950456819031089779
4807957050169823021
16395868387557812986
382391331558734632
3506514400834534356
3831428230628493024
15037120530578852294
12618876342784656416
16789983401684187962
2607067485412715069
11068771097570332195
8432791911432921122
5837365219816422799
6363708640410892752
9645993455376409374
10370722859379889027
17207470396954999880
13047033714952487726
1762858680020622863
5406257174074602969
15537812836463564644
7198819031539005600
1415044879145265068
5440394400015497418
1046532822170576602
17926398360418095457
647137292127905428
16916229292977310313
5551852057336045861
4427730027554398025
12542225284860565388
17633613077590709092
2807671778681937928
17178182481152405803
10662806632576944448
12035744424048134110
11352921125982962263
17391654426048976921
4711933920766368319
7688196099611976739
7890818756492457966
17449232502240128232
15110759098314618054
2353738706720017388
9662409434848652415
4920723040875209367
4373134680499304325
15516944663319140984
4878409235364349179
8297585767283719601
5063249300583241094
