6050834253233159214
11605574743219444274
17360333989400542532
8976287314201460730
8397223270897057088
8568562599156278669
11944294969479255641
9837924319796979510
9905183689219688745
13303568862113285740
14595800180797128336
9242904146540860051
12684807195083826621
9257080050396816013
10245516517745398582
11426542400041274758
88319951658655594
5633016507555749651
15166555741675850131
9147150466704977560
7106098962322376818
12418118945945516529
7571735976967897878
16055563777857868630
8357119708740378182
9081202435404732549
17131623181717072801
1947518838473253087
15715421581537320155
5746049754164560678
1987368025369048649
7794314756812732082
13582272409936086875
156804824383418397
6323781186481283835
11069667191517419707
3382868167099633685
3010888628951708822
9693466945788810282
18289783709958057551
16957601130277437994
17438607648939977398
14031223129589609285
7440971114679079262
3256486738384497540
13933963537906640935
7906490827765490713
6586835725388385404
7180334222372182273
15441999197226521958
17301237639273062364
14127084639734062476
18226902818224702294
16693132190410438215
5201326156806496713
5214768921593932556
15289646360178323013
4286431562292610288
2409868377402067731
655019614479937879
14440596795373289727
4943921029403409251
6992294825833869347
2079770115719428712
16314620346755496658
9975706607055123201
17648466835769670507
4727626605243075901
6411354613379050581
8031239255644166861
9211764690432543292
10123535535897790937
16644584305361023675
11471774434284072810
12637921844091873179
7563530463402371866
11376404583376024093
7160810281249524953
9035341185401788389
9432246632943388018
9065060625806084852
1799133369107105811
16981608409758559779
3466799667534946161
5310383307617530709
5937136102473915839
5260906901803691198
8103569954540977441
1713606733877334695
3460624220646978747
583458723776745891
2892357389515269920
12209120865943264702
14277035805488203539
9122286687552453950
7210650456632724944
14972442400221627169
16276226340927036683
15118508905154373281
4327137808084580906
7354871097201379471
16064780661620135260
8871340999499048095
14205238948980700255
7665705331630114472
7479648549709895526
18385822833344070509
15950716779449493825
15962092381308080476
8667132508804384011
3921451947897417147
8160892630801800713
486072683630964560
10168931673371696783
17045636379353832616
6245276162314024043
8819720128969581832
15938849706304630753
1487602405339819189
17349849971680208896
10105420533239950280
459826986122295696
5247005498977339477
12712978265567859454
17433934813926009766
5181478358474277506
17174995864406304108
7872642982500786438
3899752544121807845
6375325507538609528
16905093048521185560
14758074390284292254
249413821836040509
10344291167502343917
11948082275092308830
12824687210481561617
16988993943760508277
1629779578509998219
2900427107565317702
10112714971132904425
10726942443293006769
16200014369437663933
15869481240573745216
12217434116194174
6263772238080549784
3677362820569343361
10622336842508796995
13093517670015550469
13686423724245584383
2587157708636775993
6024857013764855822
7304886866093218808
17601330597053332816
5091556905101910712
16919893655294702054
17135277920582457637
9228903980299602812
9726412536206647488
10250436187837336771
17127985806730703702
2922632883458704333
14757591001418205081
17411833292268390173
10806495799789699783
8808883190018825347
5869453928343113273
14569067254574546978
141926866906533232
10773451439952647906
3697172930510687842
4172039484586236450
3647484001472317019
2085747360816366769
10348384415480261637
14098275453312268204
6315985469749505711
12540878075522040958
2406491364299412638
15167989508859883446
10538750196140288059
16414396081137730962
10230109216616590125
2418006053959143390
1481358754100585015
1892315160368987958
5288116476783376914
11647013061690780907
13274556974311439641
15070245804014452924
9706890455595259880
5515801218894240126
963953040926932129
6078038678565011221
6245727183393808786
6584335924482276611
13238910530866993783
18139061779656713029
13235978568505551840
17331449100752127538
847645882574755181
17907760099779530335
15068674459741492615
13353971798640259354
10039396319013822350
13445017727867083606
774775671028216948
4218152731604448994
16950190846668955237
7163432643974660128
13750156006365271938
9331859795373380463
395794510922744385
13992828342081609716
1532264415678133788
1137931690692218046
16737732529883658734
9186100895037535314
8839828775644872083
5043548969095812501
16317332876813064962
15511182985166719167
6784701944103297746
15404201217776961131
14824533615675055934
9000683179369968767
4798611021002928463
897606949528665487
11950066335257911597
13366037777210967753
17381709497901946474
12278267118987930652
4806720243020934370
6860461758966224360
9733438762810236333
1449299767616238700
8726543964241521164
1865301561865982254
13366084016145318173
9472904526693573411
16526963813278774745
13643775819442500620
13487590052474889845
8387183739691740756
8482484747024433540
15742649720554501056
17745646127082340028
3929759654597714574
3493851103519565071
14398282974019584503
4136317160153833664
13301526357230263502
3950644043782233589
7242799052078554090
12629719868129091801
16673542606662276747
17650386385334798861
11052981381452893882
14827531526211723682
16155635148205881591
12661741230638117974
3580700602184867441
599388981560202640
757426904569317207
8331672430756607727
10433110586241558546
17062928231872054430
2658638796046920357
14919311480298501809
11105557650634828695
7766163908239001839
11075919907439243267
4217856050136400338
629311322003608744
15001779205561080875
4894900921192742302
16764444824399795125
1997373554039857414
1637230422899196357
154922786341265669
45063616006235784
3102688330851327838
14371988621549572069
13686638489503403931
8539289353784698388
12658338147022249715
432304539117535837
7378789264121078732
6869353256850967527
12812209671435999580
10064316924540596350
9418435841697755348
2160946989768433339
8169340051045483804
9491485632041596032
16895760332591699738
11090114642280068042
11269265736403478779
11142311031890757522
2374818006903548187
7972707248490115187
16150135265393007124
11190767517696855520
11516741647217816945
4751944394686814659
4963975372672067052
4551574773349238948
10090931338098581560
11461310082611004158
4597673335652939393
1870686367777858649
1782771369199814647
10940696523956422041
4708017615403511908
13934328924435392814
3602759879676031344
6784377577660988614
3620273274086391702
8467269921169939719
5779109951081216425
8503268139423264033
2536629020663742478
2006357248023071978
12227656300649978659
6496775302358841574
624707469920218756
13987731581094813896
12896364186811157094
11854315490551225045
9329947187417230061
8817237678598623834
8948039570690964494
16944686209656285075
11026041670968969747
2291423753882067727
3422635005280627853
16176735463708436818
17926139126958636932
6144822554784445931
8293544908000548695
12812571038509019348
9132979093696199789
11022402990268114757
5226568736282265117
2224941209914469844
9091261395622751844
6687224193456082208
11936311407074717815
1173911155485641778
7030573986811743034
6534162705175233995
17928505915569968572
15873262165218806775
9775089560630476488
5948908525319531755
14609194487475438431
16420923392428234250
4206883646717442665
10629324528448601246
10987608816846503101
16471072790920295994
5265826735786401619
7829940432773947445
10028635009339494209
17069292532480324455
13411726612468178445
13950217020906443056
16769316146323475427
9679264424391992379
2127008493175412063
16747122527842660604
17969888442483240421
18269577835691039868
13566328481891046121
14010450562560291005
14349017991991242750
1851580662976348382
8360462482808407960
14511282135486101403
14768735832422324000
7742684171759816115
216253869171901636
7694165913844270507
7118733607799752606
14859239221383040165
2551353032005423093
7292029737759996639
13057720043738443085
7248280713170380531
17526939661248174506
4376563366775968220
413088358550883325
18041611143705724306
13680433766584529781
17688663219972735098
15195030222343024065
6097714644856678817
11984163946651289935
7230333383389488861
15787334116859061750
8787804532296417830
13733431522827680291
4460900275223938310
10071469495029169952
5951672157719473678
12823194233322942557
8139786884449894689
5916300952575624846
8651760868612421669
13052729679670324727
5660293970958123475
12220849886650657825
4492715181986872581
8929958999621387144
14055811575029839131
9704461705140099251
16041203242470794720
5275845255347869495
3745337680040258640
3503032273827080432
15811047290770945013
16068886520448872262
3786596300114319324
15734526682128641195
14177161481390928371
14832415634142193519
13638820752110258257
595510295533922939
3860351451688573145
4727245263135647219
11752416680010262262
5643421354104829858
7796912883722167353
13674583715770908446
12607259438008634327
1038789649100856644
17014039167602158011
10230139869174281524
17025292699990911043
1348430450161738609
17597422276432786044
12710631446837823171
9312003541528995057
13905870454807180380
2233771160800755481
2728030794676399602
9678970839381454855
16620215552132196069
14907967650678870651
11205890542112332792
17114857286084365251
5184633082501996969
12191535910463246468
17819789598508260434
11091804319386399691
2242044018909589970
8423510190324936458
8978371623008450988
13355012417119969088
11880757117674606261
8363874202799356601
12648640288194423288
6846970103836526411
15068759039723582921
10404373116834777671
2974628929510744729
5498828712026355676
17488923549956045033
85331841134334421
5648841196087540548
3370841223242258338
13864491488017559617
14328898838917283844
8398200346170189880
2075057181782264286
10036941563443567736
2049912227579955808
8589824186840167728
14699229927391151797
17889618890605109071
14970741644191069317
9432011248005115428
1991950159722799906
3486499601772494217
17725179229023934085
6699936995755205412
4916001911185321687
3482813385318977826
13724620723361625595
17538242439346416219
4704382531886589286
2429155332750839331
12704720578724880265
3231495300178088154
9094476527555133483
5671960327278830891
8124546788765713888
4971962611628791947
14533150245036352354
14969409029294852494
4976107232478901332
17820862866095465751
12849808973155528363
5257373795610311711
9379163562956805581
17042477261245968270
10362574609791723778
6409510797373669768
16091152263692052941
15725964949387314164
12700839378851569406
109124004312202864
6783307493780387051
17468072085165517452
195840478103140037
9479074951610103782
9015589619228091671
8196922525695722036
8598546501012097681
4949388108035860738
5354098750075468771
6901998089162675306
1348237805150945651
13738977643042116188
8294379168699697757
4531379462092587850
4726873411105091841
9827348157833609129
6571742057680789687
6366608353388050899
7945871856233869029
17314593917322172205
5589316900775484268
16664266506774206484
16689191105332992166
17984487811687463544
11742872681923392791
235235812182893983
4368010157076030629
8489610495380779004
17499042188968450842
797388737396092950
6384506830227057771
14290108430004832428
12032251249489064904
15349509955080833454
13054270466643569649
3238837653550901117
15604885128334608991
2670249580174745438
11148262917118753840
4439173756525466682
16461671894567859060
6752260881576133604
11604879227391153897
18221112590476611348
5659580377231523174
6369496726015681177
294785380717899744
7519594218665127169
8175380780265431013
1308039947932763329
6884833709864311935
2724346524340652747
3755617678113473923
7732023089683712346
6498852716152343766
238740402768724465
10648500177014726983
3519728187394687635
1469073551487522713
12925703885191189207
8446533432286742333
6512439079474753942
5678325348816467737
2824684278911120323
9300084778334825818
10249529085921920847
12098749449507890931
16795411713142407727
238681101445712026
14352424595797379495
16373468448177920179
2654878882424770698
16268583049688014237
6567647114814576849
10022436033144044090
1875539221836735213
15517994861131107520
4001167342612542189
9480528258884664396
6758238724130576682
16381520834269240493
8500054149715872673
903745584872949761
8481443373785814933
16884297883718514023
11800294634788766431
13159210021830604042
9443131747417008979
16802753070299997881
2482098162213203735
15482252387968438746
1782359002106288976
16783469620278843377
7317571650274497985
16658193879139154449
10323119545687611966
8029254003348218116
18315368693245596107
6012453188347432608
16777122729322349267
1961665659516729208
10252125401590141262
1326540383380829203
11120179658020219515
10209969547786761724
5216671000976434539
3179867999047821384
18202706960314552140
16053913200615566986
3074410956785292137
16844436029100217153
11645559382299908045
4062785972167695845
6820376898003488812
542111336534839365
17197764067862755471
3728717196714091845
5064585757408175037
5120050330497105365
16612787735809315948
7524353541074241390
14297140027128598879
1841097707902655170
18297382009246529367
908661773488782124
18157272870168870245
16725469428179369958
5840324397597734216
2793343530690139533
4737755548153454901
9029105074040860660
6666503819079262113
9588664687828483042
6170056091113356723
2780757568276177010
14442184077657178331
13009452232241182794
8763773551239143103
15880648837301108313
15956467034435383826
8887948202008939827
15191248487339487954
1070679668070585861
3332187245852207406
17802309016938843705
107473379979549462
6177015508540290460
5525088062525220359
2721014891000642546
18371660804121375418
6886247339643051278
9795625827887374682
4823517475831652948
10153189592590258211
5499042788680522636
13868805666342278369
16139142912494378472
1863054327519093350
14401624562178333203
418479703159884484
6666097383584349913
2124331703398559699
18378439516107499631
15913085651387843754
3835503611517417926
1179175187467762973
9381584470345926088
13852490819405662008
533514696254290465
9341089965102403422
12588558246333456462
3091428626514157574
16568751583403195960
11049477712157604608
3733463815060861039
2410236050094937800
10075360291243318692
15166470262930819862
14056082831759284122
1353459224048394873
12970649064960716381
17105168862840589140
6416283932016354183
6972837824932008776
1413340912791604994
17988808505848836889
17862826609147248746
5258018541803505553
3494782214296836073
1467603926203205300
2438267151053721297
12801210196645856760
16272909271270187764
1146140689603764479
17824526062847427384
15449828734620545217
5875680471961351058
5155812191042502048
15997554964973027237
17560630921688968444
799186938337413920
449004791594074000
2231788874437505193
14453324262840009052
6147094231196329502
18243341781360617275
11433860950057133703
10358606792762344504
15288110215444355480
9381677966139487163
4483635353584784661
14610797443001665621
3268356879500822570
334501336321147609
18227088772625327751
11738216242845437913
12186084972667657798
632834423599723621
2542209071386121653
14411079064491153517
8640635739647950628
399361739127282475
11482553875273497223
10305404643491047797
13430194855349328161
15497437946002401653
10222883754662275393
4128878535395397292
89255071659039646
10837875953060514328
2242639622292238829
3801526201393813419
1039056446663292083
17790831629063209101
2848185521481472451
2245630344614999146
18161629021590288595
8271715229821398092
7509117922103856302
12265896362227218150
10667051904124460707
13391064432646881389
9786594337503746941
10370898558662802118
9143442733824935776
3978539799713580884
14388643482808917867
17116871417176056651
4285176783160530813
5849316982314430084
6936450610535809475
4058009864003121359
6269098078615711597
1839464903158295214
18365562725671345427
16906606474165122261
11929498323796564383
2266670116920207939
11039579584096133601
12734157221772365288
7716539548515356907
11854593644760290649
5987737646766371440
9269311501322328279
15513827692334146932
8000756329764418074
15265256639611252445
5683753392070770764
10206411343371768189
802999588210660449
178998917107341058
12627979815038939642
2695693383968933086
17357116579642885362
9098756102649552197
5324787371097381038
12861029748633081109
5999842079344433032
2221640774997044138
7526414470786345757
10608089703453547709
17232882968855713206
10411574484038651791
9745031485719264867
3815576873971968756
1022779602661884609
8902300755552953296
13543374446863763661
8995584476083343434
9097400623795439504
14254900441006381795
11547379283911687612
13011124705052542090
5856069293831967893
1840084059841131481
6725455349919954564
3425205950461061368
3181381546181603898
15866008317145427628
8962085981638604011
18131177782751402476
18396752725477076345
8663869071084888055
6141558294498615327
12925925233788821195
13584886228550093316
7381424675650174619
17230650904642543292
1478674441293854342
14094708036029328710
10630715717906956725
7042374891167712866
9442698443681097400
2919068214435036500
17510824576106730770
5518784585533656402
12267721277461625595
13653390143691280049
1052044536995787624
6805713721682320940
15182094731302791779
9292108138244104021
5329238864979630983
6789271730218199904
17292657235469288973
18075827142386224761
12370693301529981488
17245017840731361679
12257174794038428965
9381038326448441106
6667660329531278843
9616987575794947937
221163725994312158
12338777311653844355
12202621007160211934
17952417251605243993
7446492744135879323
17156152221938187665
4989116574882249719
18218502287202154093
8440719890946927572
16738377141165912926
10113652057590058105
4559646234897030225
17772882598442649265
17935640353602348521
267758486000822013
2699417855410750325
16046586645762264700
3867269295246212128
17498344202208795553
5406782562697140362
2193496571654721469
11843744085853835564
18071358887692648709
446813004631260477
982306432733842756
9274345856796912485
415460968281049754
4594502711251872435
5120848697126666232
8498024453835254641
4437219077350422079
4388803420773070729
10625437799560804840
7980767677257779567
3460373663596952060
8865096279921784865
14201626719015870617
18008920637100555061
13602238247081039776
8000123120737384460
5280877157537672677
7090707358646460938
8455997727710363402
1194562725302373584
1042447552567969202
6400500805826265714
13170453788843685085
6873099255236805750
14244279006638167705
11762545022294975970
5856769883314390431
3334194513064995084
3413844958151781524
9888840685115204506
216316517411297723
1919877968705619331
5530732185814675542
13021351246502873009
7912550879883800988
16283070164465930392
3366176114922291059
12026528223686662272
9619317151764620065
18401412025703695030
3876655051597610745
2111002186069685725
17966084759835946006
14505194217608552810
2825577089485640977
14425527657753965723
4035607911434343289
4565519398297392709
15985951600139619377
105166260994400358
1056391844288661446
3899616634867529468
1606446215753498086
14462531103909740977
10206297656145048062
3707248402184311561
3109974911130707010
17247074984951016594
6699357264890739517
11143307463412867361
18025060718927948161
16089166571049472259
16842229976636698372
8759171358605768081
16372454785954566793
14041381115678396298
8194951960010215639
10190297879000452000
865117035760925269
3288498537310656915
11896727662181078507
17465963416546697528
14573351096872328554
14448401496351227933
6024687626388695337
9060643335278811947
15503528839222058309
1173548799846102407
17383368210877249556
7671546670389974220
10475875452104780686
15416662033000460796
18402770864193247484
16114810265618125102
901081557996477899
17316198176741007193
6987858671636535665
793932048276185645
13989789101288079304
4595786258074381256
10468412662953093710
13202800446826134177
14182279133719435971
14856226977647455658
8309829278251987701
3369162942315526151
8970961552598233748
7952784373372719885
159343237983010262
9742407978881703116
4545311267328070170
8512646710958459301
14735217791296398688
72086616323706131
8638479819435082151
13964990558063777663
10259441159633720479
438885903514064059
4982712493300550101
10781940195519376975
620378653400911199
11900164073223496668
355900442287229818
6964509015344499233
14065565471991336869
14118247318962902333
2593559081446050028
1127349122554975638
8080533038943789781
17410202109100520204
9629544419481529467
1096177771319659189
17475196419520435247
13262665448985996127
17398139378040618504
14857580795028291920
13069165835360483992
17470876624023637109
8453686678951904199
1713419928012337194
13866401473563341657
1952825476842946878
17526194488330778226
2891505286657579352
7524951435013646148
6174438948826210581
7390334194063771527
12748725145333592739
14334402955791826100
1371948895121157392
4614367438100687545
12750003191904478497
13593906474367399476
17848808816271164964
10836523200517679888
5211518238869837228
10068139202923973082
16296330544528727250
8621851143479731130
4354631020885551256
11610849726074650465
9032488133237043024
17105952256241558948
9020391565232730885
3103511104373072843
821600003703393246
11611976687148025050
11269355238934091995
5341276853272733015
12266239548844999023
1776018017421740611
2411667660770196005
8437343161856906074
14675843598636686994
15454447734740349495
15324743807458376951
15267416441094866324
18054110278709497710
7426228239920799700
5694828789052669349
340450029174230477
2375830512930154897
9134084795635273755
14786288116276477270
15946449987110462110
17480444964368206573
4744347335010984007
787574823151456502
4705442487888497436
5230881444949331690
151381359513647218
5081417668155551898
14043040442629373936
17825149437928231480
9865397658853295999
3499867908273805434
2451296645274710098
6313262570671588978
74929185182617363
11632092203114940674
4974425597802667860
6286088260024647836
3248247655067952011
9275994165918750666
18213738204577038147
1713726965324997754
150640098872438337
4866787156065585856
7208303218104393934
8170731344276905235
3055540498698658302
1363258388308932814
17738899466929215247
879142113903747459
18002866576944360428
3424673677695879228
10129291986161799698
4690246388715030219
17539849770604563590
2428727589953406021
2199255086898208098
144915518625009134
11491501214238960640
4717241178637382731
2202895097444870603
12506385754209163315
2186720439133456603
824619509950806169
14478395407353710906
7579892514301159684
8609127518982918429
1048356464781771958
11497660066873152158
17853789696149892612
15374064408076201238
3939317321642091308
7410906793838358669
11063052144701705806
4035031518369110027
3548516135091225238
1320820395263093187
4811556348847038421
12612627031780451614
2587539402707254011
4703842571738007224
15718291185052253575
16038989645788291006
9086132267708757652
3882196752764324142
15750229319407014867
13031330149685032265
9042682288102360602
3199493949211655494
10961205375520013292
3558885758504939620
13289777163254180669
8833668648775961682
14223516241998797343
10982388620833639725
6039498671343374623
11789946363906824953
9602668057995603893
11654896074277524285
12228019639706555750
4491005277006770175
8705939927612962182
9690089642350661963
15491516869904835317
1114195516192890877
10747572527943894555
17818479550005520454
2754283918350714537
8540559854212190876
7894721916386811939
16532674879930177055
14656449646831405733
15334034775807743005
1035674854258832766
13551380799419414751
5950375911089327063
9224737579849934696
15913728210350443851
8375742107192645457
15963463979556371463
8297514811445273118
14083563831046749038
5423814130660257907
9135493887075024953
4006323515699185539
12505245128912873260
16105341491675623373
6427740394167015014
11760994769789661144
254030713502767843
14054695045529795148
6992240490707396666
15710179499306227317
4572877759545795337
547357659091457760
26153235837343169
17627380528308912155
2474580894897460694
6345649760903751826
3963680517286099527
11449554421597300341
17470220602273182831
5124556290984797222
7175537391897947281
15226685356354510512
4862241915991567693
3161931756580262686
12114985999703428086
567635368919827187
11521421903336560208
1201922347442435925
17896326627961404965
12083658752570487570
8860630114364663453
6245691073712541914
14247791806097877839
14265727402554017138
6790775109391299500
3188359089465494419
2432471624407294162
1179965152820640568
11142076898489780776
7879387239117425199
12713642063003936392
10843321615630179508
8654550283472848511
12419258709919083871
10956395244482069686
6999902073811931519
17318338446000664486
5739119870877189884
15774533763621330163
5988160260025230714
9304668234416709198
1081902000691365037
7259901258166920165
1992692659278445334
2850019414891641806
10318912331945530355
9206516820680995603
14351562441961944373
16869572474151777393
9787019653334154470
6978938296244796662
859139739696367583
6852109090630345495
12978369256000194154
5066469048451917441
4138028398845826481
1834534267981191847
3085460576422549155
13851823680279651111
6579970370038997957
18356011973961079452
2973515042348496317
9619746649568194981
11168152594191466920
13951970856328737820
15475533083105054300
13884316401626667732
7962464816557290918
14456368187799397016
14918701471773688556
9267796920252442165
11849178948249701777
3296357034205218326
4841006931686142894
14429049908015493955
7671730355212887200
3893036788678712362
3479490109770994275
11628909888551340605
15837643045915571498
11301394767036654008
3053230055126436265
7821531970652662049
15266673411945244372
2487466683035219672
7701923446349682321
4853951901446982636
12016579183779372693
5865527973907456576
2125998256079627249
8422503664942027442
10197465602718619593
1423691907204938911
14271324438542801878
14752079793646673117
13266983966050854542
15415800256292456972
8588347254363696506
15116678961626445635
8747338369278795878
13347056306188015395
4223557348478907807
2748293861193652358
14150553542140941721
5110127449775762185
13495395632984707052
2614102470210821027
16788845812276259517
6888642741771408479
3779543722898828288
3066761071502966007
13840318521686575149
13307869190918534552
2169478021605629697
1086102932053750177
1571245370283469077
12603982318784087671
10544160715362262538
1704171315214368404
2408218031817960847
8842592017295707265
6277512462194817053
10120310149754560712
9518411364128156488
13790015792972671505
15316182072633299426
2858990819882123590
14900029118974379592
14692881829729453375
16013357986685720952
6305740312850379325
223105391750350556
1288565102087775153
4954382605738719020
3317412078492053381
10208160832910292638
11321119405719993522
5858923036251329785
9819093521539667361
6488868385362360883
8840748543756096733
5426100111023479468
15535160311027317051
16425911671409477998
5609955406010477512
1160352848123733705
16234513576470349450
14914167728098556054
16808098843814261339
2581663434910465943
7959356002980215067
7585533137374185488
1085984675402510050
4522843662353608286
1368907462924644767
6742403903959548803
42494516564427544
7532982921892324147
12444303925770244842
2208054024749168538
3749597335974822641
1512234235669590383
7860645341067199169
15662541661867487343
4453781404929347679
6380691827633238689
11072887625684677270
7857865424223349997
305657480310982412
13266435013351020164
1849360385317713366
16883596145530258008
3987064388670311858
4366420583270580990
7165809364299269498
12699065178974266638
15104501252272226436
3476038230977962350
15467556153278849002
7030123404166823177
224954554724809070
3704436590319851823
11484441610888565485
3883681842304959476
14393201254288615022
14331962517770331707
9494745793414696633
1717222909889185150
13916658046861680968
1950452086602067705
3666823435745838283
17010120822985099308
11214788386195416308
15552655457473257987
5132656023287665199
8544721031727203592
8598418120308390267
9282537250081154786
13960554612976841948
16508993043388753580
5590708901808178233
12493732536243591250
12705950705351663805
16893634650648406559
14102512420133055274
2332787632829137938
18440602373582981812
16438883302861112316
9901841266123998555
8187547402029303581
17865001008551529166
8059622091848243386
6096659892428121310
4596320305512940687
3304151548628706694
1408088068353594214
3513928530995373487
18016764154763122218
5386041548688988978
15624780030140785339
11080274122498616714
7600555378744520591
7962276645264613551
2612673790536445964
15209994000888120298
13863231711187952483
16416978894200590697
11582498912711604543
9380666558974188777
16986488388134325800
11068532636937952690
9398552750314947747
16386476198914292496
16532818205154110573
17293792160268888407
18134769123256325334
7818985304396949319
2950402699752223377
17807472898652442197
14960977886142617137
17102744280284780045
16414741270506090042
7260149992862895783
1507720969104983599
4175208925488077232
1618851746123726594
3510743893175480830
15993684933674532209
14190280796153099849
14843957376504814058
16883305801469855664
15291181432805552350
16587066108182393482
840625095715247794
3062617347743214566
9250503736628466611
4100446952039784647
7497801172943093870
9958690734629073723
10651784320048113382
12805613279688579112
12040105360254370377
886678318384258555
14593266987358423741
7024019939283910128
1974256440747706358
10731134595936844026
18057862306689412928
13251198801940438446
5534030608156955575
9643445955979699521
9665799179431874944
902927968703286326
16189408030023493280
13093337249474685646
9183704492189673989
14132614257178314035
13933537367631174651
3915539910065024168
8812199713125051232
3294860461209242017
17682569185604747257
11984320381238194760
7548870774749401553
6065768464642027172
16963862717420487643
12179653789291477286
7634968015747560541
6339295430651246341
6011872448852765758
5820959061164567111
5447800556040096618
7001134114913587250
11758225755681081005
2768256312957608496
2829600013525094488
5535501352178180481
6670990685401306543
4841906961997308316
5017191161099583185
3422210773247299617
12069831685333017856
7829059651444580228
16041461020504406220
16016281230337660141
3147301264144087960
2870647544931637361
7334181534440475222
17472752728627219536
13023991592254147559
15956392520558751867
9070994776698926328
6012075970126673448
12009679747651259364
9889737519192085847
428941136234297962
10045777612094223519
11877650007195390804
10305221541297017591
16441746176660364745
17360353617232599638
1575826904181614794
4276455689270327753
16172406755279548390
317094618371458590
12446646205553042682
16680924936512661638
17837010633570343738
2381932738539758412
14721786167970015365
1305517401949118510
994993371213966972
5668914233923458133
6754546543316600602
13487125342787580791
4832664359272009746
12334215832271053797
228967093042453062
2847974595637187880
13018922168144791351
6608122107901958892
6963383737490746838
17107925302913280139
12434324417868133280
2274617286843571618
7935320951381530714
9202105767640356064
11211525004225564854
14466266765459164069
16101360505543825342
17117082081984033056
7239467157194395157
1236906364446518551
354554100004771948
15411865097094505451
8480280234432661789
2441872065485739326
2892265453163765443
17975635844955159748
7239805670664669386
17522570466664377942
14848068775126535745
9127278317475023851
15428596281705089509
7691191148197002560
3435879829289479247
10820548234976941885
17121406525709013652
1048953457240179048
10945081761768622550
11028681823789868392
373434426798744634
275248174490775582
17042366020434868092
7562877984454659800
10183282346303557225
390741224730818255
4505206254849991191
13118897897020052646
7887290723156369508
14241494440629244383
2227042999213939365
11155804174840716410
165824381450288865
9059301471545304616
10074113203857809520
3735719856693602910
2068840180528622519
9271091308690768800
12396674936848632150
10593761774658738684
4104913563586196101
12265271816550226358
15415468172046000764
14220777643390414899
1616148697951411676
13881958744949866448
12592062378451520816
9313886722568071382
2614255635667133439
9348610977979741567
4349285943874025029
7498938237320163715
9857219512334100382
11612324733902961717
10134027473325688649
9307710222310205400
18102598771364985853
13284376765293030221
2169102526777031070
2137683843594196460
17315124977702608686
15676420791340035166
11621668524500030488
5769907337033397761
6974811200342356494
17797288764481051941
11851098287889394448
9027083648327799961
6908305644980924915
2021625247210536403
10345643555466015741
8631670361878033116
12704929074543927378
8673065688424995420
18103688289113861132
13743159572218479844
10523764882243224898
4504529806740251947
1647821368082470888
10019424910031279504
16052672737675603576
16169524634839787544
9752621354164805375
682293568664418722
6206211896209223154
5239976517969712197
12931859697467797206
5054414635539602009
2078515580285765125
14413721744775314298
16935950711723955110
16379014204823935595
17295405675749056647
10435036903917013606
12314912129218905998
17412307279839193701
6299945331550788873
15849398014443211953
7114669486804832839
12586722547913772381
1160188241902662270
14273268833011044301
5464833543287864637
7582050573638140035
14919057344520383300
15194772623423114720
7400977638581545300
14301406934603063997
10482116356509648886
16762668284854956554
402378751419532316
13393159379189528328
11406915926143597891
8468016879717587661
16000284840154534331
5884197229621704788
726532925014743130
3680624150288469822
11273582652728348065
3512461807386509519
15167699807778072657
4915128636909827004
14650715254272083881
7723611819576789650
10793362559070545344
13291376799733416182
2208969980295917581
7561037326972106184
4948596760354655454
15399722836528045155
6105968746449617805
18440326895257561788
708501912495279670
2853059101699442924
16907562352544718458
9793565352936818037
5646120513169770057
14664434177890339612
8971071633512266365
2624177942453205311
10668955133800510088
7046510555320595427
2888442745669540211
472811166739283440
17203534656183193964
1421013351367522616
4037845696675362764
3645599173993327977
1873402426587021051
14659085402668937366
4496299710928987673
17327483170700404945
15517768681741556973
4661443030019400462
5042745807414900937
15219976533026565146
9436197233016018730
17311816734608093002
12172263838307391575
2714798069240570702
12445168864166060371
9312438476175266370
5702921190219770815
3905562620348036497
9750010007830351620
11952881473072339237
14406193010074432723
7487901235785323037
10527567843891534044
7339913803662495791
9924824863470405970
12617769719541713263
2185571015643635591
1940251661501382348
8829381801807869002
127363977768024475
9834757798822107620
2621464957280645230
5604473745046914174
15603798194378711991
4434305549418799568
14232917127789785800
15516837240830768656
3754713302865886878
6501550988802162138
4776487939238459995
18163721793175307165
3028266266746361695
5129289095671521362
11303767151925483858
8539025665711533822
1012377793090940013
8202568967440148910
7795374934403596103
1342558791031693980
12075299805551337669
4240216027901472538
16408622320866446983
13310397065600803643
13528158540913907037
2260056841449229467
13420704111337581091
3667880593923706101
4189856459329316191
3181069687416331577
6824003874914143654
18406791287842367427
2431035037216731430
9426173809955302922
1136519821893678689
4321145605278094206
2289767304856150716
5200587266579215616
15548469086702731627
10890962144943284197
3601706768302723908
16161680214119015739
1648239567244330589
12363070761501286047
10487671381468845813
1302270975839200284
10260546434830953668
14602990037786786427
16258436086377231836
13805036936360436483
17073054083740593836
6983208325966609144
9070020411154619723
15112827493833882428
3192920667193570631
7321211957657335946
14495608486886767006
1535558199221724026
9801963919348630081
11941559868258653914
8126455395327761102
6268874583812262188
10453353612265217630
9024322715038052411
78355849543645588
16527482184101655330
15420980858174414675
16772801822829336853
10981276167558214654
14105896621245539945
6958390111029061575
13836571460343061124
6661819038126972424
15824763876923996420
6059206163022352050
10820237973431036810
7192304561615854155
7773938095155130571
13875372362533860552
17787154324935409301
1051317105626212113
8367598038850607708
5916846016196633144
8413547151883166111
9975772319341580527
13085887198856003247
1163717025580472518
15967424907794710137
2455231773682542920
10712270855982366503
15005739889750097655
3136292453110412850
10949986065332980970
11978730299829708159
11291340045449980951
10392016481371404691
9207610151640304009
5414500439071477213
3833413991490124021
1175544897511137372
9900523704057354820
16863325998559490006
2242104683355008129
17076221201873527777
11324130707006781399
8736897562063904996
10167581518615980097
2751941451417281184
17043829292808782178
18292815670177719920
1195374704642365301
16254691492900775711
7572096064415385588
7068699775299665261
5923977037133518443
5037838334607693585
17948159220616491386
5077476458150172304
6952146378357844982
10362700296872364296
2456864295704127011
570120157431715760
9986722217297036316
2363950947693309127
9217292308343912514
4925201730159338912
10008026477701624366
6822488363453718471
10849963667123522631
8063429382077750665
2140522763553912085
4071741843401708134
8023512234797780009
7883850915055416127
16877365511757712186
8249641833258524467
2282650440475635521
11628439307401655637
10029526666621148328
9442963200677001480
13595654609189595602
5830465944130917257
13415972315563521845
789619103403951426
12743335829122192850
11242239373061539454
7065060306968016640
12446471828177697301
2295668243481182758
9808983229908455901
17873256696162087255
4990745200413575893
11336792546296060636
42519681073583561
13372989233265841353
15242778319248914559
13798259142383482215
17246838558457290507
16937422401200822153
2458186325293797730
12422679484433439833
4943522799763799304
7088745960829624437
4155411907972813900
9795132481084832608
13201294888704746528
17323306853857316340
1132742973678344398
9987568976840570219
960810752893131908
17311434402582241082
17694481882900902776
5823228292112608319
7914623818404396655
16853764478628245521
4121493753853179783
15662538793940854107
14780780124291696542
6268831981283289277
7592761539725110327
4143384513002296118
251845401137166235
8516456099246566097
12161772390957735536
3756911328985242232
16692631469568572089
11197605469488351721
16738705610766081343
13196858162312624814
12584518133689335785
2394345353874773844
4363002901814380505
9517899907403443055
4738113174041325404
14204596220134510147
13945334447426532875
859793338287785355
1912582179823667004
17822936763804588406
17231904869477620983
17393336862545112995
1092066287725429756
5990638525404478483
1630994678245239036
5620632670444035605
9816789893405687113
17227001005181853369
13014411557202678708
13557126662169778293
15512298242768501342
1983949012751880805
2865431048116370104
7252736570290202160
15604245156122916517
7774408410955559210
7975903982527075913
2198398294948345713
13876173935020762429
13767696983687488195
1832181403047711044
18246485209496390743
11755784099106420328
452066889996939321
10715257465919508721
616672034333446695
17145359109679632640
3941205247885017256
14121585143738563131
13364622851575565960
3769259920186602784
844718467348898216
13226098021249779034
7583058837990396922
14517906533407653769
1433084493964622557
8785151035613041747
4428935157597558662
2952768857462381795
8801755269517955165
15207262118597075471
14693060537390206767
13699382498697804617
4872765382371280846
12017373769036557565
4380244040494183323
2393069088535853384
16207364421587030647
11870620427879653697
18190444013665740142
4940168958193398263
14071028782095818878
14709168275731730171
11904350672868459316
9408024144920065311
3138524307550852145
13050174077756501884
12124047024618361464
6208774816778310460
15166482840709870743
10958983446821870100
12230932148289288694
6864584648337725486
10672487692912026805
18429161051878907137
1736066281821578675
6152523624085381218
1249189657309528925
16486538334930950089
2511584843037421659
4948968801354024294
10695773725563714468
5567667623913772098
11122550820717923524
1182441615230706408
5449625216794855794
11739315780589823790
16943767465636168675
5007033773063699875
13271486760609138491
2379867861686571092
1325483017802318029
17061370255527794886
2728165160268901730
7904958435165263238
7459065950734984809
5690684151794679350
16298845255962185573
2669052640169873188
14514869018175389739
12736642035076167599
10409727774236256108
14808410534945425551
1841472459429975951
14114578625444944358
16259655036406310942
3841514091575736340
18134685092604813087
14475529489472761533
17200304315871669144
4688103069018648614
129412621258733855
7442322593185144357
5592524409361994600
9565249973081546175
5913450742979214585
16862655867767461415
18232073181324200819
15008210808359798609
2970792194265599625
18356122718776412296
16370102240679964245
8616836287325657885
12949162012813839622
5965076869604492695
6361260566674857488
1965902438276848741
12991958601247355027
15476705365648496438
10847617192037294369
15854994303169327124
15534740994890277813
18317141751578146601
11275886461007287846
12661109153820494189
12240154217729439991
13933600593057880004
18280173329514730251
2700592324878036475
12011267581231544120
9521553241069528350
9601044446773752946
12940681090918562283
819515236314849706
9878480457467624379
17044476594765774546
194137351776207684
410625863802874499
8401362309625279755
9810802627210928150
18234984216543043659
1308121122973185813
1510196287771827572
11145795679884143532
11377303442928955379
922216339317462457
14366094579109436729
6941626510221773273
6383743847714452692
5330494747673411337
10910601173592480923
15218745840485003068
5121726557440450463
9422283521198316443
9964188699828686713
15193202102458052277
17311168981536248217
15773478130923304536
15607435916229029638
7848017050141768039
8976686237523654352
5236771507811002820
7532626996580270021
333087720127654314
12947087785915420313
16639466302761530356
5334787489380984822
8250199431440678433
12059780776703816542
13862753179891409194
10554682893473005178
4554574821225949113
2849094231265432848
4694894638628949665
11857062916607898400
6796121286021016413
13526433453951175664
15372796639072810176
10041470475809286526
2157331317664476163
870199850937117581
9024931700811487262
14151928669486601635
232155301355607864
5304600045583190203
11512337913013940529
2448588047340634089
5553921656643644267
11864840947792674334
5577760177263377708
17122744000747480936
1978694591279486962
16245751232021701688
2805482890630539795
7880674982874875584
9870139882391064476
468739477040900194
9850669190249165136
9894834354277797019
17596306885142930131
1656906726945156237
13974196938345679814
6638345405283706070
6120464447125787932
13040078646343662533
8391106285693470705
8102137972862088234
1147376375982763718
3106374821474070382
2126376008141264766
12666153305163476
16879333965443123875
12216554600209671031
3470702931455661725
16843549120830559700
3070294114744409048
7461172510507847799
17421036572374787117
4669492037691846279
4659483292292006341
11931808211597267399
17574649056278922053
632497102510625776
16432745537230048726
946739624117624134
9809462409933059048
5971804705146274896
6242576629350662421
17866664955867847726
10884311750539918048
12527969638855658893
8481002511339277895
16415326257219564097
18154020449741459703
16638420200535225718
1515748528139161549
3980595512747373052
1147420125578535242
7316918116520271539
6308962957576014718
5205652908823091132
16178067654187669494
5706601978088157801
11599284280294116911
11474106044535806020
18371140703066663401
3502279961389528469
12084147586228340457
15110660603687519482
11591241648071432474
11566089675822569681
4900122698463081541
13376498044893720703
6550338293896941336
3511040515457562429
16052884692267904114
11128164927923813905
17933157723515063152
1342130949062442217
13956831691041463136
6623274177376122682
14159898978562631333
13240294927592348128
1011223609970003489
7529774650746917224
14090355257506973600
3786844631429135752
12087280651754848990
11317850501955036527
13477158313357348877
18418548847105945853
8921704447515554739
12000032592540719524
16237626239455052049
18262448672656471171
1312421687936514937
9940591014696847913
10267653800673266350
16787700978633148815
6683402791503514770
15720703255519744602
15190618055474831022
9272043738596379589
3708347747173738197
343568797373094405
11313272100327809429
13479324201649462104
3483695266418967539
13600294159618591892
13544982761933016174
996513599716435113
15172189090624039457
11763776008007759346
9547492608366420485
9887189027524689308
6731930918335446760
16346696844311504695
1564127183583997764
11286235024477239804
13047425098682154244
12238805565952348889
7887553024394421156
15486313219239577990
7442391926288294876
4106644045710732085
4064218374305966408
12580398935111212216
3492907019110805296
4684608480914635973
11231501460732835129
14585922895915906759
11306599693415843116
8965916838716051807
7512583875424359444
16142149482960817020
1742012153586191673
4481466118584954926
16507896681370242159
6560643426888953973
15597226864163104840
12031617474145074444
6271097738058190264
10411302078948215745
13795378720708104597
14073960250851336894
10377667220595090999
514271284187039121
15900904369666463455
14845895275642857005
15248131662302959826
15003358293781003924
6364876818150922965
14721929800569588730
8621061136821320557
16868959930780237761
3301012909467119852
5910082361524093803
7759512469212642491
16573022337422384371
2183416206757268612
15846100035144414159
4256566835153913222
827418492610528992
4791038649554989428
3399248555124639757
15310328746993300860
4730440650641051205
16247989106627375925
18286741400458367496
16927495485202048728
5315592281570794707
6740734515256630084
10184499906330191759
6304412632256596196
2504972827225542497
12547426941802295727
411365513644033841
4368843660567111736
7951850486565979686
4699592774741728314
17658960055753411089
10049685633531581902
12034216301205875176
1641847766229980594
6162334201106897528
10557023577103700733
15838563239825796311
4468640448667731729
9471425655708886900
12764181644177582710
3778294266045994527
8031982611409713537
17360373163428796853
17709023873490260309
16337045681558691428
6124635553692452903
507942660068696874
3451108425590740062
3369221295077417011
8409161443719848162
17916403109350939368
11258129558597623014
9118213106885595240
7850621949443083163
12896172081874695319
1110054255217344466
15958551192879053147
1334038389060190294
12933603724355946143
16652793123029010656
3140744541680891418
910167724745204084
3163224576384166319
14662562929061980164
4361848674164982139
3727029665112387202
785935048046190487
14103596284158284612
8239943049402022459
3151297087325678934
16698980018212535321
12006006628321195555
13479882146264570810
7911966793726751785
13357731439577064126
8844903964223433838
9110775297308403668
2456206984398381105
16360791325695635935
807416308242179753
13724634867883647123
4797215084535141462
14491813523942655020
7979132130392416242
17592409158456692369
1551459017161385444
11763748930250240061
11946327958919390775
11189362154926833502
16267548069307999298
15500892121430641121
14129088783223283233
627072446128955408
17860036245299839336
14184380543430061169
8705956037998251533
12929620779913278513
16908804222515036168
5261783027630337148
8212377427452020964
11635629388252966003
9798134520199794353
12284928931792131789
10348124899749049827
585027285679198152
14995833933346701292
3207169840476297075
17666817549324272414
3730908517567249217
5473752684418302994
17721882257465792749
6540326652264406742
2485323170875018972
17009249059656611099
2357680938274593512
648397518153645121
3547486833437171546
7519997871963820182
6786097825657589611
9400976411043184033
12065225184154084655
10996716046151024145
12303900981093783396
8821692893473710076
8082725053251933157
6288204485995722374
11081839715700225260
529332365465474239
4537075049500913857
2056690162443702838
7914761984881329009
1533865755160688313
12309750197515171242
3455878481143217890
5127173552329726237
17949482008659253578
12233959650119664864
891751084084790245
9385099928256479400
17552400686538908005
7065858393663117250
3005978652994540037
18003217300630965514
18410181947664590809
7715602376703340700
3964341766990954760
7584484067753533232
2385319980440312962
11737628799415409874
9070459404343098051
13069000719768944464
16207685528154279020
1686273357968061614
15864659325547967678
16050444846863131919
15514857794617963174
8667793529209776448
10088567132724030757
18231549577016456921
4364146703593268814
8673205387879526416
14930367141510060469
837291291064529785
15680133226703435615
17169812529002533805
4926592470152258936
2537662092616279424
13073549926669324138
9777425051901737919
7407333070739722870
10974506697182213100
18112910658167718931
6159652440255151243
10217362039925435264
5620424094451555214
18067631194309328782
584959335678472923
5712335961974644621
4330233098647611481
16267168178224174944
8295675710561306987
2935800608141189940
9269708138345164747
11467797628965533087
15242149951652451489
1333350904707744042
12523681906547123040
4360998324150306746
9714770363045491193
4257903465317323291
9243577975122327531
2225289752879530489
14401545186264053350
3052220215766817815
8703923449974924939
1104485052219542189
10012940859365193587
5405042430170487133
6880059879608549918
3772721604482084999
9704341547089267937
7420629302542158877
13056194587077609865
56752448630267608
642007921100977219
1650806070944111192
10361137253116777153
155145837805554611
7441809185057753340
5978806393372146534
13558530093554253979
12713875557521122887
9491345137827870474
12549877356080443323
2163627176095591758
10240824239959915677
1302498502513725032
10896629054510305555
7867727149665581087
15455198807883007552
8838295531652603066
7757691149670340762
9431494958352377798
14123938098926805493
1991427544589596321
13547210221999929338
7209359917202076063
6290438188662657860
1646582408223727506
2043373393959761561
8261727152679511892
4301511887429967856
10346081050532249772
13559329708624648614
8171581412479037346
16220975929403408593
3139563779098292756
5775447382866533769
14255070009413686341
1024740264960639521
11391074365965984682
2837099899353953776
9542391207106765596
12952939406383813225
5848071464859902659
9371223708017348843
9714198620971642720
13768346378345454912
11126776387185105707
5679244705016895374
6064910820591653835
6328470873941163805
9894524215688862878
15293988014435878231
8999566857912704245
2296285533775332533
16794905761555332227
7084542440104699570
7427148632358683045
3820324137645426771
11731656094109058157
613299295091157222
9639133435443960100
565693479300365131
16464250610483179742
2221416178939857755
14660624798911655258
10546862750432054147
11462904790157415749
13716494225926560687
3040696606418505303
14569467480844822362
580612565691137640
10495360918136603474
2191307162597539884
12679304189433048988
15664937133626776410
18400395949264095728
9612510908550853280
6988779045270292239
12277090683695672965
4059964556686247427
14956204956982749169
7697350953469574162
1735863555871778268
13023324778735351043
17924665824140599647
10113692376658415792
4706582669988328572
5201055084548895287
16797230408331500257
4647583484934155855
2066135506094954951
14532200759741761676
7172480716711128126
9942327798901713446
8510542566891742989
3499652927916262664
2623990905256261415
7448557834912296300
14987051464658994511
4249819234154681405
10453097812276418006
3230901094521108318
2741510003357855367
9249539557359976902
13561706818396806942
7741242023264838740
9008275829889927783
13353144384822164390
16352696279458150941
4320778149713199024
15711425135157572015
3380487902188982678
8795002089931341466
6586811218800220881
16618484426098534545
9532752428986661510
13624095361478306139
761109473326624594
1944408208678562712
6664330918251824045
15805713438543317841
43938741182594861
3563484827254339585
9089131972332896473
11031791632304204345
8972107447194664
2152144184401231295
8457926663483125993
