17260441287070380217
6129494562219977318
17483491519829802521
15488742370934983790
2144759685388773199
2560552285065536437
4007569212001720549
9819396282275062369
10023900334366452311
17866902362372581430
11650975747415960230
17848819568574119561
16189648794575421398
16140141069756628928
62332623446517882
14574996570118755007
4647648145747824724
7529151843011396981
6092011233488414418
8106636938543055940
13783575009530684308
5163090699857713143
18415582047751693942
12204352103694004590
3193376162479496045
481162761618089080
474945364213059799
4835132945043365381
2833733518581337109
12223840242077058301
15355891813110314400
17263083941502250918
10160782449894125116
1791531659003775781
11262446855195834591
4921476192203605441
2983215842130779681
7789003457237299125
1137408196022572625
11314187725019466797
11351917120369928678
18082532304296691770
15549184448100214277
1533348927522533465
16660144106814285816
2141061684217113526
3617398874974911721
11743171569835920308
6994622135678883127
16600610894725890985
4488092706349341820
13176235241832640127
16125175261837648617
1327907072692086551
17317433518183089046
16465523697078864939
5214835636783412635
6364109873237652264
15526925582141822145
13062765892605725846
12931473888700526760
14456873905865361897
10845096282282236774
6406147546668005641
3933677894735429591
17950783070840770647
4313641249088987532
11096803651989171677
9246874157002715205
9343295083569948694
1576543725883418063
10321468881019920214
18163915500933775933
3808651870466929108
13691878179171041582
6814564553655778341
18443224168140961599
9372112120736627435
3650549448216211988
14610864578440558688
14307493071328712628
17018657242478079480
17299269816706391801
14126385493008948090
9681369000425952757
9727838341390045159
1703955083760030402
23647460593100997
2706934284470273191
18206684766479716025
11741355785998307451
16732216004513748206
17710257499074425559
12672254082092045847
15362703601016180740
6195279375356212003
14707173902355382141
3747004825741750024
5757536070069558020
14249865634373025434
7718196714755325353
14602920886704047738
17400668529608240434
7734316760042401462
10130915350793014618
16273629616501121027
10894816756766215231
6252645195287980643
4376570009453327764
5144983797441929372
8863706745782062961
13508977862395646975
15260922976774578033
2566809499237762128
2225164054933326719
11357415260584442609
11642855304002508468
1055167776973502201
13340802859269634202
9218704330720535669
8602715763870411472
7069411237971077924
4591311698066672653
686748062659673064
4386507403579786946
9172033146704767521
9297245020276789772
10005682308130865808
5764265861157543403
10966335711469693733
15371031377293570596
4080157458163106449
15957714027078238154
10716950000497740778
7482396694118027191
11764742310786751505
15860794089469131076
17018026407704382211
14456967873355053208
10537535768486544428
8760850480307078445
14621025541778003582
17404034956428206519
17621575694935667140
12418754456541436809
2279677718088411804
12405553225095577207
14905369086104111994
17882557342939647853
16331586434962806438
9578027740189130364
17433429955593734246
7770791041969676041
16220136121201648252
1653311590399926991
1157462193487686888
17377465704472330293
1024022135448451959
18020435994864975080
9919695634147833003
8304631915180948042
10071201949087346962
14642557039897387942
5956254536737681086
4472525621674759342
7711984986122907961
6086483839552064973
1716679892828143814
3066382732469593083
5127787526020282300
17644237321099663293
14633335343464337308
6152021289782675632
9766182810602511077
12037673777750989667
5539179839891442614
11344412621635015425
17464205129666613891
5914521083879736574
12962448900992099610
4422495456987358813
7049454362910399341
7061222626250466891
5135439055792411961
8132701464259958409
3750563595649841633
11147485021542875164
16172930611536532405
5872465420194913800
17828065527036953680
1496663739698502921
10554043347570220689
5196528608495195805
2517440163231996744
743254088411775682
9846153513219644749
7625920006158882371
5703514311076535396
499180066500893445
4704180776936655374
8834363926482109006
3768957272176138547
14872762638311700540
13856476177843801608
16264424114057229651
616438208270967
8008741343226761312
4426655382399680249
14182466457357528457
9865488176401885996
5049146599620531731
1815246706462309296
9910517075767139158
2360347310156478759
2522429254481681557
9437521032075503386
2780565106607573529
1213123049314387111
9679895864734586361
16733332385635792825
14131027320381075314
3470447847724159226
5899336566197435069
14199702070779117940
10332571003717801011
17286811335765712977
1600347002036041925
15652511606034666960
8021552868378190075
16826593791970532614
15426060891670110181
5614351519123664498
8403701563670945155
7248514755251802398
1524590537055583909
14617355293447204179
15397907961518201321
14600039444036154693
16877888383463340632
6769796415892129405
18163475332845950860
3663055472014926153
7718612396984781749
16743641051706505189
17896776444655394688
12910880329436535136
2144410500999409614
13833686580829435043
6014025534301083637
10215620625153869005
2310851882643197636
9953916071903803521
12152867535637538504
5539318639452262353
967662322683334747
12181028803565749766
9188557934871015732
10221405605068404860
1947568880371898319
17215071238846777246
2647303205924277229
17093531214488864881
16430237642602996322
322221015252282993
7965181743878235240
3218203298117313155
8552663119066527590
4120746807394572488
14225115277379294970
15097008137624322341
15102343271536544329
12285174667433760518
7454902169281725595
17713002186553295784
10292000737037091046
9897372352192161239
16686084022465051071
15535136692458270089
11591626955971648341
4735734505999156065
17310586659213013484
14545983860505648315
11482488389865963010
16525530812682779382
7086546521130969289
12397644133918332387
7079197805784179325
635362303509824773
15491645662058723179
72862925360875902
14620845449646797678
1920088551433445283
12938324034343190416
7074231057045855144
13855458265841841656
8742545413284252520
17544931750348602614
15057308432776677123
747167215115025147
7167604881101138370
10983922939953629351
2884877200051412944
5432334498703554477
3753190660971595410
16952961830180855593
7033513659174088372
8067865531471047267
14032209006281680770
4041200215434528653
14821257976609314470
7351322929484797147
6503633351227616707
14412810918930210074
1152706221021816207
12736682621165322100
2859911116342865604
17810912599171965039
7206816280232633563
6930693239804559365
1424327346709776381
2667205511762984990
1363261897839515263
11089531571517934110
17512106305355578955
13162012291738810877
1267019420516725814
832527918673154014
17262293628980389985
7800353439109267414
15972198528142815331
13273736110707367814
14808078749240361388
10768172774691122735
10869020324688615296
8967334744883644755
15346747238634599234
13075464606094385598
4756404093635866813
15265865793920669984
16847838813319870430
4548720856322060668
2647789714311616944
8467839274410789348
18221028649188554737
10470408872488870375
11183795912266130492
6586277680876750092
12862334263011922570
4474957013468273169
6292849237636241096
16711486780665912791
3323024128779690578
12008630591884205951
12403134205378406417
15403260570202472683
8853262627118359231
9016562367859142607
13333220503388549151
2316208314410900955
9282661693970230335
6924959158776584373
15003964411032902594
5783389012857501840
8616991591038202772
13132948611862775902
13396831151387116774
14089115867674985432
5738830995439770186
13139024460916870551
17931033865580597263
15748580377213518548
4617888952047643132
3826703328707814145
7140796405578290888
12366429029518237042
8484088757717202291
10408669117808027979
16015643191842341427
17195623797241638533
6381722332767385524
11999941080364576332
10176216718868433697
3289547863804186352
7432469358829528229
4760919996095895757
16400850451028807641
4004954121388151226
12414054293037500863
1605775376088629582
1235493990678814443
10278819624839776903
8899435525366671169
9673289877382722955
4200220865354522608
9504369101541106875
8620326199338377886
13736250295827503531
2568938363573426443
1443783501100434692
16711601491983537285
11689354951108439993
14299832303260400173
11875536282266093282
13555056539544137497
10922666994737562183
12672506480652186318
3131588277265977823
4589175167593149154
14810911943085888126
8421627327085644258
2841189085444578912
18059130082056145039
13431516996693479283
10142538612935495670
4446617398178838587
2602679802991389137
14785440190552108452
3839327474298113075
16542329574107585909
7355894260468647825
5381153137355901117
7314366084514204958
887702638240403699
3217971036664723767
2136974493495368839
14140419733375824773
4152476157543942688
3303312425958029336
294135709198306395
10464067753147458750
11875674235258669285
5090850884615654990
1895153881036716349
8823693170394958981
16317233003355212446
7608752780630929047
16117682382365605516
592340487237432200
4841820557243071344
4839833206191659732
414315353278138183
7093557000198844603
10245538328507631476
2184777342881106108
17675114687045094820
3972672413447966079
8889105433335725875
13181181514582825607
18174401507202388305
16030943337038690296
7031919673359380085
10391581128948889275
17583551017887626287
8361215118006226321
11141858042926485884
17092991101482240369
6895629591217291818
8684739588935785701
16439246244525370254
12686324492173867683
10572998139772033401
7625366970139976559
13758942219894899706
10973218620837150889
8300296155523595462
3634406554064245526
2665095475100769750
15368764689510052855
8766257963681282511
2082246704584168437
13690611582022249704
11644127480673829971
7566362722881649262
9987810329216547833
9172814686291618768
2760672729094822911
9453695183476903343
6306367927537223008
8160286751361747115
7994465091177135404
1413922901043984913
9390329878066789689
12329129994488240438
925160596182278753
8657513578619874958
7988888827522444701
4912300109142019409
6578860256769266593
8790370359799241754
2964446705321653665
4223198735190942747
14420278133506144862
17445000258164066890
1538214254395507180
16918206943398936222
17996174527024617253
17144886585470900880
16669855600928240683
8155215364509156632
7339842389131419647
4884316798361490037
15714830773369613989
7839516959456014100
16574385162228583697
6238509543894251662
1497020483737333448
12438297189762595588
15172771205278511782
4792725836920867951
5811299576213705561
13037594066840682214
15418808461021653340
6765356127430625721
12964829262832917622
3043208478363031386
10922677169718603756
5505876377495847072
15326783673786655637
7701748788965711040
716548959099411307
7684888062126490005
15775079824373357423
9241770638722685601
2824586135662435368
3517697650747348775
46676826801610184
4172476388919411649
15061890510650114366
1080615681055107774
3256636686997924860
5402476172906719419
5074464905527489675
4357136840032001766
7014647151080599229
6056347599526227076
3332860036252859484
16971334369753490524
13341912951870088372
10028629963035835781
624522967396428763
147921029169799557
14125314413166041685
3246961289338200056
10098196507336745479
6964868701923274756
2658418230140222475
18242369961227052889
3519644128062080586
2210443293457631184
15783491438697987165
14471163391779457292
15451346386980629236
8691976703555586911
13006595221017898203
5037229644801229092
3853550785279142013
12971531225621989973
5516086941923870818
11224454623391341927
16020123792029356644
309051964023721517
12163796900006564600
5207138278695922609
10370086288467930755
17571477842029944730
16346008329839870914
17128946728006071464
4437408426054342970
12296545940534644221
6856063240883405463
15291335175655933155
14466352634234272073
10189221753932387415
6846061985112075544
11249400715520138015
7865010578559651882
9005986925063369445
2026824767674169890
537463786314588866
1953454814713801489
13693383511279369029
8380009051903304174
13163971449657038502
17315589434075140164
297849182425168618
9391080599671387367
2663289346474458271
3540228813465854177
16174913427436174956
203303158812017575
17300424919088482198
12645093030998863956
8175256931671525312
13889283891703708507
14812921704176298832
17204288037106547225
1777081480388854867
16233667012714030
812188663224585445
2283848351535868017
5023777052390414172
13747186588299507741
2996078700772132965
4745692660377527009
3378973225169727179
3916013058181049242
3432901342189196371
11723696488216113056
8012102514887812460
16692353571184066720
16189369128865270765
14183520433313748504
13456044345180228520
13195474686037896465
14267364859985908153
1386031954406245935
14575806819638131083
2161527379809700393
14224593211888788128
2068909532039048143
7877085743127262196
3995739842270485733
3585723392842247357
4017194838822613074
7055375996746040669
10272384774082647509
9180136935793399226
14639186163268488367
3179549170345010113
6544972724567410607
12660748344929229910
272710896186634125
13676890303316658815
17648782896843578534
642974349280291193
11190968447474615072
18354098315874900739
6414106137299496143
6914220808579940312
7432432729052048653
7041951218665950145
10191302386593975369
6476721561844614745
15063031145347391752
6696337732586514434
12477563360726070313
13682964796337289823
16536388977084508381
5244629688005603877
7860572031716168726
289236602868238898
14365110760065589111
14220500971300954328
891498548797287372
17294668569398016541
3896258994458050165
3600273453883679232
16581104597805411987
6261251727973251786
9792894077177773193
4122059894539746267
3805175987645797142
17770649886977408949
13374811265449050353
1973105723706720247
7570058010903821162
628017383700794502
9639213262114670323
8667269337758979534
630597064750701868
4462947006271635649
13863057999957520722
14799315257307705787
14596295631363958801
15126359144302961576
13450333106858243897
11024424465187311003
10973516841066458593
7217765655957275133
18367264144755012916
6266906215556518619
12854482286305080327
10013966186630547785
13214765672637459578
2029709406827432772
2456961873035204286
9803231534681608171
6583313484088444495
9173216306054350982
1750470779516836099
17196279241940174951
1631024573630161877
15792766589506729811
1939939853128999180
17806892814008066436
14716781019734168411
10713422427105473693
16463584924029277432
2117279513067603213
7137078183899861031
16776330576980361430
8927632386848208830
2574672926803400946
2296491643616857497
3050353005080663825
18058472815373691969
12214166727486027006
8056923881621300052
14857341230534204132
16896884330975691068
15637992175260027121
815602393351335598
5095018921327625908
6217505957081609649
6198447273199673371
17078316036042972513
17513663511459217564
16123832091940622881
7252327625897362742
1173774832339177017
2295089762793685870
11635560336599721912
15322318394917522051
4595267952333501208
6780155397152605203
7846709520752062541
3803824895815489113
7331957207774553454
4745623131135824408
596551676206405068
14606429736221212627
8152136312572812489
18353345737400862502
895708552122044223
9570589501957337997
3353904577500501263
13089633402125534734
10952897466498663254
12936676109332216737
14653689379842406720
14474082392992132896
1777963081704961990
2721872242345562894
1896048646836754532
7492979278105632779
16786986053029099088
3538815704178141866
3245626740983947477
17841228628369448626
15584552374737327817
7312291036595411080
13987913890506836974
6707847662239664899
383949814559975269
5269624420303092001
7666374670950111367
13342245030718680595
78986140643291728
10877938754066831619
13803242029607488608
8569552799472910986
11692564833636728127
13447981756960612015
14539993536701322697
2659105937303072315
3090094863885001924
6854413998036777076
13044194254511524693
3244004113123765405
10799187849394573516
6513606732829604874
107860525128030003
11153131339804008256
16630954105791921017
3647660345470542836
2950822064237863887
13405509774203095191
639089366955174483
8726379773509743966
14418630967386702407
7655106623328552895
12989048845282647090
4703168606478189657
12972789896915823157
6273628952094923167
10487136363668414581
7340187528951333846
11702205162971168722
948418284702740380
18276923839597899670
439528727997120736
12715393027412775936
15379966588970917732
13501211879711558578
9579274024957623791
14523172996889042221
2068616231616691726
17745501409589687670
13123948014199159972
17529008955364738262
982977181361676163
11845390122917424252
9902704606289805636
2399147936759942264
16714428217528879178
2782473814772084855
7243840044999716250
183284303696925440
17207614168512139848
11639317817372530555
9793847607832947594
10367717073524908483
13862296124487271672
16450421315407084312
17350369276977159864
8370834455318400330
1564728438436455641
11445509140203208737
15806122702882441051
11862715694010872070
17832248441417096033
17042201446307281255
1843071473852774488
8435182033280221637
9074279762597553313
17538540981713953450
2603134270327104759
15296371126208180562
14456621668798122701
5032063527868184616
6878352656167013850
17090155537654889102
14112155433511598085
3843520277652630105
14503439057164373674
1576136169888696111
1643820554517557507
2825723654322161764
2059873022282495756
1830176096354296199
15744518278061561316
1500753153978314823
15991193119719397174
5197240942800431939
14103618320756626217
10520372053448556317
3829110604984439687
14551881070004620299
2642919855905286545
3164175567639579962
13793390757429494709
14779945913495270828
7648892461161825805
5156225582482488395
12796541875785654531
9684881093284751484
9298319944907892523
12765812924741589604
1979474407941302467
6112026461791799505
3467672994577708827
14888640833459212369
9347570533480842755
2446585651583148330
8213402752887552327
11380899153720255897
18365914212330734759
16514452423078814565
5005304325415324082
16171883282207076723
5620746760460548267
13125764549413623391
3554566980949751311
7982264384408251388
18385998003270676745
5384087277727796920
16849646193032466311
15600231489890278757
10792128805994308033
10701449399653038649
3023183956795507799
6222798501206196519
1186364406412300056
10243190208319217514
14200914374595965511
12953370689001231808
13419337479992324330
6457779290544411530
6219377129773521391
4436768753150318541
3129776027468028825
15338986205996643574
6438618478586572777
3152417253247046655
3157847914310354514
4443712919497011215
15754843540343773343
8906514108227552451
13967913879330673758
4796970698302988120
3326498969310398570
208448284381181483
13761974487821580384
15090748595944120995
9489976944070335097
16279030849744061921
14167591574744945688
6171655692637849433
12041433497337219182
4793181640919669555
778256892941468896
10634120885746157672
2342564046840115276
6877562430396709281
5999025867051848574
5706993470830072848
3878498632403418959
12007950290874416791
10243928508440990422
15359596783957750842
17453625961064185020
15620954035502721713
3522789956792552992
4325420854171541599
12564813916977064900
9312520071138125213
3655090654980678468
67793667517088377
9189558098169118795
18325105082058507918
7878883159642471723
13368810470335648535
5195629477283928962
12185274281604157076
17658466350990501034
16391130317667007980
557815612480865731
7860673271327667486
4714938980626573172
16135674932117393028
839013231649782763
4377386481778930797
1830577538195634513
6441081426226707131
3665421315181909423
5883669249352583337
13383981822465809784
16262872013977613159
7351621424477609501
10276515228939434215
5964364581929464159
5492000042338597701
12683002136612308670
3951527585233262326
5041165407525293259
2643019885491466548
16917874835147373231
252889187669041996
8685153459044279970
9532692411220058967
14750001773113839209
3010408926895188891
496270547294210922
12898963366166684216
6045056662210762741
7582291757823576613
14123388547924916430
14672552305999917367
15938412911383522273
6633653661894957697
17002996344176186935
6511901735782885852
14301961380308900419
9138493134723768692
13043080069023610213
13020454252742215821
491722678207197853
8832067668171140793
10597264644530728420
3669700751111973693
14518538583940140895
8079352842897355152
8444194952596568738
12820668003732500154
12334344942903027377
13650336923184950371
13892704793297424560
7204721135730751878
3629136644074884775
9835396948347900274
1029485922997480280
3465718851895080789
16491371819453900648
2462096030998383388
17947738023762154189
8961264151136537570
4357352735609213533
15683063983145082279
9507410640048187032
14678884286899638033
4622031790884860126
18305493296493996050
12765060722075840769
4067634469939331211
7110526956408590168
9873551503662713163
8634197408071075945
8601010723380120499
16355902932086110713
2887501819555632423
7559564665074947237
14430060522745283286
16902105279205660169
2631356711966414351
1578283769611835722
18332523272516558013
5709573164312947056
1824647899152196851
17698675070560291861
3928660660024426102
1254799048590524003
10981448249959247318
4201845117400047436
14937300158757937118
9422109326464695960
1302710208244846334
8257705516173383611
12990920738121895663
15647073697693563213
5074190010959495267
5513966259177966958
9619490514927895968
1877371805258079856
11261530524366354200
10152887682387948065
10255422054135556984
12037490235545624783
8703238880860903107
6567484207082514082
232899258153049011
12754062090547760844
16658714612484831518
713650136998139458
1151689649331094165
12118375271460044218
13359572557218230586
17147247223266887328
555958974898433280
1007761164358561305
10063447109665517602
9224090004455323989
190249441730114483
7861309698258936623
8727284215475699270
11440075813261267340
6893653603917082466
9208521957460970287
15672529929315522412
11074619650067602746
7039621217183525281
11479943611847106848
376019095093415315
2237397575210587241
1431424180306452873
11561408248210591847
14197993721079392365
5051503464715164088
12377781474925486271
1403380892202533594
7793241147409929778
17655600666060943208
10951767293609781243
9035168733525761924
16817442057728705386
2302167982466017911
16784556511677173956
17693828759432270995
14763553757337446207
18201161565229374002
5505214976391243011
624776071957120294
5163858342969792362
17365607672728058203
17733323420047707301
13842750481838561895
6664247574032138040
1826031383289304773
17219538796444463699
17537438985987001674
13200321444532300753
4250327084987225081
9411636136719939412
3746879256670588421
950054827027824715
16360572122656103344
17868007785533384156
8987214125388165537
9880688789556623699
9742021815779944607
15348580853054925537
15391927250724993950
3225760417162784433
780587563992032053
4873277264779486934
16598462789151954566
9706249470651860925
6633584438606821414
9065968592341508428
14153501651061467767
13724907711224366329
10910433033329252492
17035551798672955566
4754604565669933771
10464250874579446746
6360450080467051167
10287824937258167587
7717020929432937915
14269559765189641507
14545477281330987403
661512212306416150
5829285633391616195
805252165786766065
18236058564425447605
16323940984762130070
11023309855560338192
5837395929637004360
1260332159486826312
12213914012964249070
16711722598884012387
10669708087949948765
7910946648972970793
17498263797401396755
7617492801936756696
8744018059442171541
4960997566012578233
10585682786093986709
1812357429055953654
8404036227931499519
8535433931400896748
8178990378429911600
505435831876557442
13300353371360246083
15283338088674802578
5854160005069888791
16486083250955467580
3038446596382883836
3919488353895821057
9463647618355598635
14688432528859457918
17419752339862387419
9374380201352326569
3279163073446512923
15088151044017656568
8017358811362481592
13762390027316205409
10801221584358223607
2518646939739764093
12904885812921643618
2275912065705088395
12059998255281948839
3107876354184892742
103312838057513380
11248556584999402418
6508673817930637405
13043463928422444215
18318851770835175495
15187530443324407820
4091443321342864442
7404149292865137791
11541070192134568779
7986214283828388970
18168396620448244875
17426507995819953818
2971038886616015389
1473221135342836467
14743918872036208545
14547766036608058562
16565245411304578031
6302180758070462160
17957901907248128853
17209196985051527985
1062923774019337330
4085583637036754090
10455156017478567856
3184093064520953889
4835441113584129645
1081306382158477014
15419895775298594719
4710233128090229792
14463872703376708090
11492568285728971338
13217619756781536843
14834652274481634355
17840571914943121956
1800452288728737742
4642543604937748411
9734506231932168281
7979092809659567727
13018752827953017231
3832228386521761884
10486209158296476170
18438092188785405797
7041345025481516055
8109764787072366968
17583668846920447470
7739137010806123250
4306448523875413031
1451301656102184071
10607781825770749219
16793793305456740277
12968281067895199765
13920008424929194188
13130738307183799745
11419064263662323662
5499405938088454930
1181356154874078540
12297527789598599484
1491270029485116730
10724974394295333227
9548429122061013840
16404873349120734629
9593033795564409659
2531940551911715374
9956624723826312213
9445894090642301817
2661712632523721248
5040308030771436013
12085726169506254530
13522899790400116514
18322453092208298316
13353452957503441463
15034896417117202809
10869348951241452400
4593532695819288408
10258258446555609601
1642947239922670214
2418077551970037819
14020216928436727227
5804895206698142750
4897433633006923272
12071876351321280375
9084123372145904391
9171965301741253399
6948182627585667005
4452997770794657367
9192040828701285623
9652763706468275980
10593377362928887409
8345242308193877927
14613101643969777536
13065583348018241199
5963110005146256922
10942704361206946534
6477014161962668865
6495679502483144078
12370336391930356893
4169748604775019816
15861537597070255742
12801667249648291608
7754876594587640925
263742225575483425
4384308180202833891
9266326210547019022
3914868177384083939
1077681050653570544
3675441530108677920
767908706536550261
5234277499754816894
15681281632170399909
16511097006987101134
1870785963317553511
2573110655025185659
8288872336071365986
5278825682723063428
1461102703028102732
1727281684308676478
17704438244250061991
3504468958757350925
3405403936504600596
4677114999062881595
13375168902994413503
12032522236863419062
4435224032878315802
3039120556175605919
287341956022256484
222954493490711876
12376701349626332335
11261807619309806306
17770561112568950166
9735870707307273717
2806564765864827444
18361494283672996803
11465670236233530171
10475273391303915544
7761944952805818821
6008697161534480365
16646223434096709838
597997961867490407
1415288467164691458
7464560667503135983
7441725986316209558
4208996640826671593
3541709353936718494
15679235327891399649
4457702900371120615
2350915651861968842
13872209597421059644
12085046071640846433
17825141362501376208
8512390719056788987
4864351435489442050
7559841352193657982
14157584800832508243
17545308138061530395
5642844011494978869
3168205397585197393
11748388164128507660
14551629404949015918
14317881582858389582
11763444415493689048
11831190216840769292
18029550261821426452
16101499951809138802
7016368283745125421
2290772848049331359
7931288465705491535
9059389640806335796
13026718765939946712
1989464516983409527
1170547841684054621
17500007444287272337
9274719420091353812
11867930762663720403
6701946875196268176
17936398653079520976
10160182846562585603
13960274572261522239
12291403840606126516
8830739118184607843
5117763264458537598
2285559603797982692
4303938591234444149
2364473385090033712
9855097039039804672
4718312233455038130
17269777792724589975
3424584445293691779
2661397169275468593
14429230438193292175
9537281413513091148
1412993778429178704
17054658367419494633
9276468254608352511
7758968791450994135
7577327365380998589
16603775012368354008
5915269155269652720
16722097009691470912
1160811524273516467
7697112194066891409
14714891583602571636
13946448036606475768
17216537421732847639
79463960726004485
10958806266718803803
16871936190260447826
18118260226700217090
13343154310762292739
1959455198435063571
373317511814726021
1933043165198444982
16553664134287268132
17835138228962979130
15028816958822522656
5967342522903916549
6941825082440484596
8560266846074966648
1007279166615690101
16175617385433426672
14052707372657649756
6361193973535715468
3445764452860920172
9385567058013134363
16187447626198153084
10922845336240249290
9921704653115419455
175009677378557652
9353048002719520329
7552060711276882404
3432833649724605683
7932987362011504194
13838649609944131069
3725420078718898007
8285027863621319287
328374531746237559
1499862284663862805
799819968606464679
15965178528008374455
8882115407967902865
16482523120989526742
15415976784247257161
17807826022701832946
13791307599065971836
18418409185486388748
5761880094237175115
17181905605191091912
18181024341440127389
2222732149059922232
9788788872726451267
14355933290346199333
15153603848271034532
16347897773415042136
968660060848707548
16758617817205165728
1795278355438955710
18111869090208054726
13531697157788533985
8724379213890557007
4633159417700040896
621293059211430492
9311213450425109051
2789057207359727175
16160359150674894008
1691274957896355536
5105794125172802982
4051407173412091794
6144145665168281892
10724708836750102956
9146794886262376693
13700938632355452475
5264739398226063611
11616035800098511907
1847219427738445157
18321179610526452512
13796760963858659603
16906077592391577827
11127592175017108414
4235519819535582580
28216301820132272
8259850287415426670
3839852652380180031
11316752190926453667
350315938746544939
13735229723622070576
2365112553044538213
10663243690985924164
18272331170639824179
5388857274208862040
10834259371941323796
1109450708692043348
15197585481883943120
4736123003854741579
9781558501908020685
915777676286438378
12644476148116380228
16811012357035485030
12966028005579461623
12108891378585161123
9125648530851802392
12856084678432738377
436973361710937918
11052945324401055895
11626593958781374389
7423816261659925739
7904895377323458574
2335960533870787408
10562943475616665630
17208150144686270461
15456635264021400975
14295446785979247508
12140513222029882336
5090854300552935883
167077514494865501
5512825051622769290
1911720217869036856
15511636371233492382
10765507739796016574
11896394192408141452
110631964819325109
6278615228008148092
14654155542193150752
15385693025463359376
12265981920553255280
11155916586325479504
10459046148867520429
3454257722091884261
4004348609240719821
7859308983794120937
7002356582012354425
9936230828087185431
12998090056928526858
5666495664376199302
16031977858798503985
14162475113703301181
3283540562399208972
12854621533096516841
1733522789608523767
18122488704136041406
10410100554428022186
14879787105756054625
7641733895062012824
2623919775489459032
13159342727951946969
1404362336171288344
15905753175022702878
15065721577377338730
13791239988748313008
13466916036225317461
15124995549542128091
13353086153620967954
15103699099206329308
1523585734973107680
15417884012427190412
18186852349682525388
5113677095763610455
5984660856849048780
5828102127237339221
2171042962408478255
10190470987640033650
6461023345094420783
6911751140699231473
10372516874101865362
3755973050886472954
2249956907537947433
12789525841715821679
2569452250890061172
16875421004497290279
13335575756130702856
12062474607787558656
4667879600630611213
15856408551189365762
11950221626026587494
15508186908281462065
1195624954302915897
7302665758984577501
14702209255011333620
4426940259086446468
9211395892199369179
11691266552097912795
16707129688683590445
5325064070870401047
14730075507812622481
8771523816434378956
18431373641402247346
7296026312641822798
15866145955049251343
7654408284168523703
13809410641393570660
17972785713973054762
14512518247593018537
2406478920584972587
11287355574299659107
8226242087847554380
1247982033921849914
6502518112429486710
2763463399885624437
14012297562179457178
15473064152914867702
17768003692448696894
3398447933329217256
3467593342617889307
370531968378320362
18279467866196107340
6861660319687324934
12010987261207516318
3738696803118860882
12803915599279428120
6243428952815459173
15328056424192850660
3626612044497075069
8669229503303395015
878420867106183793
6113308713573621899
18183138413659620259
10606236649914490506
14427156046778743603
4419924657523809456
3697736330801916475
5807926944795425559
7558587829458618515
15076884065835949218
974002997330046291
8501603890910482549
66869656629981992
18238933693105760367
6616850518826931699
4306875534740556267
18224876591526088264
12505840450379033336
13758706617141043867
14536691602732785719
14935794477064147322
16945972195694937880
12598716378935847810
17061183681473015382
16317672727629961621
9520962176361400032
8330938753121012801
6314292663424443331
14217739496494320321
12915301181476525355
6755514893539683960
16753557193737305136
9706463786436902146
13910130281353226232
9409182233900160915
8939266891082806073
17340458642626878608
5340851827336043847
5152683176788288641
6827066878105775511
9363144361681028564
10901214982868952039
2623466517651693603
584139366701583120
5609774068459110175
2079787325513635637
17070842540567197834
2570488312005778188
6977120335957354308
10723352008946706806
13591416964797537498
7767270263831172626
1850858959003249076
601157514097614173
13915501316974332705
17107611495541875257
11600284739284743000
8007078628857623251
4053714437529790831
13655719665416433157
15188587643686576605
4477299840296690093
16996019468174917207
14725377632165872561
4918212082627089439
9506893079003043527
8029053132191920865
18047253486389958629
4337452847183812134
9701250078406571270
11990267182611378646
13571388422465501064
17581963288092038328
1264949667057602259
17109575664636904877
10250177385733021679
3293695207891888070
2974258664783147345
2476090003948696034
10537889915085792248
7067334433730498904
1345549772735944439
13166908513645797377
1935991876559528298
1510682254294956225
8130033517786360588
3882940283288594566
14107304554937697586
5909156590947778541
1508905460954767957
14135082475793582922
4737462944920974052
14647640129818825656
6378588004897728542
17642752748396917782
8276290731051679400
17903301086174254274
2158666221684677004
4604976645103808165
9466056492255639599
5808034716380236716
3769704001277702361
16279847383843136335
12086936903245049841
7992195636273524195
13107686850878144444
11916619508403625615
3903555490530880150
7868256805083001104
13148434564485534444
7371641913584938903
12342484392227352589
2119665573502845796
6212727009093970291
3270009891740856563
1537477516901355128
16373298624281964409
9396202666437466093
4024302437606940994
2014025217211645310
5346125211324240212
9225191251814358031
2678114601381650160
3622460112957080222
10354134815190764641
5805923312093931581
14920196235480720449
7822232301145827296
10931387618440574397
12806871218622367700
6998761345796087027
17546215610622716194
10874653295680627598
4310567951199064539
9809728654466568700
8904188648518597492
3201512875553350166
12932403989129620492
465166407754487003
16218747887778207365
14128862382277299576
14042266113172364524
16219157436709248885
12333244502006400151
2065348508944652785
15455930683870494146
13128672026067668488
2126759529432830445
2379484753987759795
13158594366685102073
9050769842848712546
10997222224552962174
485410819266073363
17144279167320457095
6571146880420067267
3572035968448091812
1660754628938828547
4789133242731695847
253464352981012366
6103753427231404396
14119914267379936443
4639667214984239957
4956695285212589209
14176490421969943658
5940481567928218431
14304611401007711939
7890060061357940239
332551712121440701
9266823879385816118
10507854026345987384
5039112665431454623
5879895877468163634
16935997395920445247
7156373141276013683
3661533199508164915
2520908225167653892
247092878831285
12915037868718863958
15436204164725700547
14274080659006404272
16045160387465511001
12104890832982164370
2308486810371735388
5580394495491773404
5434772004597705586
10640378232816928168
7767161921477146297
880769985030224793
2699725569736501221
1095366401547545531
10967632566791920996
8356644028298093472
5848946970956981690
13365844949812599369
12950117896838288236
2287952941071413876
15750274506766594593
14561023825651015141
3907909569148024597
11620801377867918409
12804188303132278585
16160581605151103232
10182785761613012152
17601148558028247577
11216715664577231956
3252699233090146323
15176455435294219790
8670886718464911993
4030695972741610131
4976567699995271288
11721591601307649620
16321492050032722247
13233827947629015954
15670625167428315576
15809665543435998583
8191448754549471249
14191741731582302776
2657430894056278760
7096600665175623618
14437339747332340712
7565522270934192868
8858659136356112289
286761926393742342
10799856498977325996
5955425802826916126
17949689285403297553
16236148882709498467
7969023981337910492
4916311515032557149
12300379185155963571
7596985397620669386
7556405450912365533
16166071928346138966
10633733885776085637
6240259942874179538
10310101592696492276
7873427193906980805
18206875221871072458
12111811955586622021
12687743461867271063
12114430670136606923
16206383913431863755
1300208952612110684
2006450342601710390
16823251208728629746
7027650431864682088
16571467442082136112
13322007115431601697
16404999513972153404
15267044589665894095
10581542534498491434
15876282988443050609
6833884628233880480
4533130136968157309
13129011242106949816
10289726477376719573
9355082079900910874
231293331086705112
70991782802093267
17473934859300810843
8668051071338187922
8583260553864046827
7372825185520778595
13138887056229960008
17694188093486879062
7878090508432380205
7673729658070620414
5454123276425011148
12128830037798489367
16093569065220027569
15039862087589201574
18431817509418794727
16344737779817116940
5228313206862876009
18200977175555575038
14328954374233094830
7865753419203212284
7379854534345358165
6603123812675618343
10895905733427700821
3577781467130108966
5240488392839267290
13509232584122284225
1402882679430226784
13646887570314588080
16434716678387124789
4790800337700132248
1568247357408776732
9536988818809297539
7746947924923346636
2662856056964093706
8592563121420607695
16561963635361518571
7055268784397155927
935097129371863180
15954970060956393747
1398098605061471366
14342963587366158743
9935569003598940907
6189843410477409448
16213670472695011855
12276857876165508019
4617866480658595254
1404306048805483320
5521917142447119603
5161654197117327237
15448687843438676399
6296137306501993019
10063919891366664465
457604958263145389
4409977835438827177
7130949242245009262
11979994165919770709
13585175004494975941
3921838306635015997
3742655810702126184
6779469667080208565
15699252085976451448
14255896667359936357
5623723883444671307
5681243556120591535
11762990048907259448
6024470065639698263
4638523128188530284
16588269071881278526
1405305494390117194
14129496096600016454
1736852688613594318
469194433735229587
4927050986457312387
14058114045848280597
7881713658698782627
13031574634331763352
12368170692508832228
11424720693015803030
5831574249688978730
8740734226812965020
12066365357109544746
18204993284328654889
8174697917934870580
720583145029697930
7914629840884289886
1390095207323380183
9388319744076823294
12777215523546667408
4345969852521912822
7057356731710855437
4901168301322492816
1196434603501522083
10469388851250302762
15784838728733542477
15262986499336171269
11459423994054143814
14709892437019693880
12606255656800060072
12644487177499339132
16441476124671854064
10142059914095830282
12315737559771686504
2780374953608628464
10319936404334269784
6374163311003366740
4689758412571618010
18229323934545785826
8262464347904805138
4745197135195584004
16726524108663777292
559609522494730787
15338462011956490332
13999511082226097933
4857668283001534146
13877050205203906254
12711131859211111053
17266820399888109720
1095418767430681271
9120239396359355029
10070810677539923934
17758225555114097814
13140055385068951762
6371321020193636477
4473560897767118015
17719070710534071669
12113795321545629647
8568645155348807957
14848357789487158983
9351800920504258261
8275928612591418465
14589880043723321042
3840097357650261083
13617571159728696422
12868755322113207148
8581387189284825987
6167764954910377242
5344253212568364418
5835789102254111981
3067449760008379142
6856876747812230053
10666432077784544325
10249800924643014641
3409937710530373929
4494035042531709943
13746005219146674869
13980919118974237091
7551111575526451383
13351569838849808394
11855303403219146789
13245745874691977406
18251932514893011306
3217122530074574951
14498047119015712348
7291443036367066344
3397321897695863176
11005312956258118086
4870071691714205093
15111496939567890268
5163040624742708419
4093490837355482337
16821832508361582746
10870472294682139381
2497646452552838250
12880693111588236674
13896789158537986242
3927024377646472539
5539125562423055363
10279957081172819211
17972081420705236453
14856099037273632180
8191473473622474887
10810634846548902064
11793521745128295426
15969453032219720881
11902733962759739101
9115523630625924812
7744598294484923736
3341489314204687415
16658587425867300313
3683969808998227670
2151267209743963098
12009494873213746599
16660654262273030
9586613712903879676
14399918988087729217
2177823269737258190
3237765874316020697
7669103598113935336
2481958073608879173
11472737670290354892
15879183741941931318
14126255774000528224
8891451853420886280
11524566144345904170
16053686252403423250
7226629290121506433
3294737406577081067
15579552666669995749
4140626557492030289
10397563641868499640
16049212876746659965
9089964001248822824
13340534307354333416
8810994161939451068
5939848251640469880
16364168170932958292
14646702654024678159
13291268878882598545
12746859395183170041
4537609015573708499
17827483770201569372
13342338476786402578
11668014207291361014
15585834879977642277
7014038864017825371
15380666028222858218
14993686318266775695
3913362241149580888
10801179969737276814
14595721572473154488
16871238670660787235
16203040277595062121
15505425663540284884
14123555930285768538
14377796156366321112
5326391450476418982
7721772344730166021
7092990406237345576
5618616535037525965
14975870023547387513
7482058137406779464
17002819941242935897
3708361939250599122
3043346678581860917
10778252685569372475
6273088029203109746
5296983293954151822
16190622049342320625
8834980512129863013
10164881519709032896
16966253545637157757
7824393777977068692
17819698293651093213
12995029810551789975
15826086369976142650
14056245314480534976
16171897647144807850
1189905754519791200
17613652826426638077
11212633597923491664
2701627436666367193
9089303365033709250
4614622509617399874
9573379541179817454
16233190191320214050
10941979176412893443
8176824419947242922
12115280961812256383
8728800550327672009
12536753131528049159
14792923056176226258
17848523930520990783
3718396602744540054
17213422855673778843
6916743968738016631
10499884116335257037
10045996100276890514
207707459343793171
16954960193321056251
16987119615949806456
2566788666027492699
8984451630241709019
15375171470535446699
6932668098349223349
6509525811758193925
11524130702842977089
15520882427515261389
2061702014025982587
16958055007673211743
11507076222446066081
2401759048311379329
11667486370253394792
17661962032994828258
1665088705501108616
17689143238727804742
7460035299185504596
7778914437392693506
12692775603352957888
10823773505223688690
2557537966830370689
8285469688496643713
4908156971088605600
14638257355359510189
14529968155783805116
7720561027078723138
6266362464431361352
9790258121500883246
2779529531962094385
4685105138634981297
6046566747309151678
15406509819490929733
5346470264318333771
13764993066370082456
4813666041984401166
768452614868166197
17236518077425442725
14196819745248298651
12881567804790292818
4067663509214492911
10729313935267347103
16444661283211611220
18120878829089620624
15004355901873451732
1109869207991681056
3470345213505203461
4670606770172749285
10578497528154105252
17209385124138081383
2471122682782472721
6419529884982979314
18250265325468691983
15488201526026354243
11619900685543710579
15545539202205602075
14502662957362513575
17695580396237056297
4785170812612533427
9282792520785898110
3699580125377419466
1216732057173351722
17979786144656198741
5728596379632594768
4258436826758490387
6644740189720357235
1709545263342928097
241323456718990507
13927214492116514995
11583918682566880285
13963349400110390484
14471150514095813257
4720580979936763855
2083731182368653598
11379428085195699993
4852487914595531581
2203151928831812374
13520044643078812949
47898470080457412
815544388378233990
6119959594617488716
320833977406974354
9907581643234275702
13446886149386432109
1281199040622035102
17511128042050737367
4169361505363069486
6509702267124275120
1590198469964382059
10425029831724720135
2777906296215972505
1769279324162311477
9489695893982963181
6641953682484349299
10657263112756781472
9314146927956879472
17693609000630112024
3541919314674804503
6301839861229696996
276602141917167652
18170171426102118790
16598318630449551479
15899033256752267798
11615762261447682453
5433582482911763140
9889649650411756192
5398005482435870060
15996034439387564463
7195983153449631667
4023887065856112395
12852534821553807765
2682389678595091933
3241354528529953615
14768867136689395248
18053087372693053228
609909087736952062
15829334918303712776
1830748033373477757
2023773261741998926
2163486510999132256
855250419999705379
750447146000233916
6672090451137915798
10777096393304230967
8537367203095059810
7018227550309537165
4352474409697610307
14929146646268912766
14915964107655520657
10286690239861118073
12293235392447767259
15705369146924458071
17671268645718429190
10847889556679880394
2095156694450173660
11845407993618323330
5374782219472595395
14955387284983581236
16966465752213224881
11195123336323589217
5992706998786214857
11931097470889116996
9694426219943626587
1049124651703728049
12288122566478650176
10606537070256541494
1864758503736269746
12616252025533542855
2488182669438671677
281695803436057629
11034525937036646260
14449149852446244061
1471112240683488651
16729930276331806071
11003479456072833402
13471968175068886644
11973189275916362592
17344840645100306222
504037899260304611
11354901092079803422
2387102719173877107
3662499036500285702
5450330236036246007
13032552784570191153
5774122355499544180
12106261352425186113
10301096219862580126
7875885838200999901
16867030863240127676
10765666844353848240
17863765387993904549
3641365605340506742
16550182788311262863
15249971203591751178
2536484014164464199
9499576441354374681
3862925389517221155
496622488283045932
17841473323108849100
12825933812464342482
10773528690932527759
1994070345063163649
10089712355168659624
1104058334927621592
16781828479395208223
6749023605062273566
12127449445248104003
10820103079255735220
3891298849122134827
12526533965679296718
14833030514744538669
18156656688628393809
6545307096131329818
8863368000161990713
16589501530750621874
618499958778941252
5519563548519608246
7439966403191293287
15086485704276223028
12724279532641472882
16066155175744339487
2820509775530437944
12336640421052170119
17254602557084463448
3521151073054486793
2757892224180255202
14454611531419087770
3586389325237606598
8825920826346946618
2007748748448675387
17902398657443676150
16989275838880924535
3450894266945628155
4077223826892717892
9611117077364755135
8540106738306885349
11020620505033779709
7159909998725921952
4065019078652352483
5645141108797984476
66121838264144612
13971345803333845172
13919373999862823626
5426648938357833286
9185688725177727105
13812351138573895577
15855226803448264675
12261443243067060112
12222136320732359973
2418132546204716458
17374271420388311061
17545564884433752756
5696384139664227126
158971719328104593
9803952414008775130
7554302280091843632
2922618958163651330
6778243841634353923
6610049475312279698
118394568234478780
6715578566886893750
12284257839711518267
2503588619994611612
2825297689003737648
4802172867770514717
4968271199002411509
15275563829361809844
13270325288054584829
13713519629986920969
16732525072983135874
16253690583764055433
16472569113665420532
117586983142306467
5191311203083337104
14937747795491850761
7531371156117854185
3123582386634617323
13807233869225326936
4621632301492246333
5843040924861615497
3754594020827278863
13227339394490798621
9766327787835746091
3116071639523311861
5693128068579908893
16418111153798606887
10867655331578858714
3472069434880876776
16815371651451607331
1429712252418578010
975592851256390038
13427086476616507596
825188808121357243
1448028731340038104
7662380271191550822
8058386495016591237
17784023264877649126
890956495311153590
2037479321002277987
9705189166951644140
15225900793199220934
4225235448672626192
4753853146618105562
14802638103999813135
5699794632921876583
17216278782247695122
3527057705556296734
17249825023946845439
17432948880446538624
6026803407170516512
1301527268248453967
2938151976962820592
14916364803989755038
3016328370831957447
10424935744074277527
18141123524500933852
11267531582671195017
14651903639388755649
1062618672156130582
18444223166643430183
9522999432256435677
8621986449940698080
10898489874749600619
3772187455168262770
7938345893321599807
13370841589134274914
6748801787404312549
267805577839939878
11851801999659514174
6799185404041611591
8607186392683453251
11232028326110118982
9506739838996193030
15822463617079493764
14036731257873864318
5843449268727611494
1342431507098167198
2127071789140006325
2605020389314513671
14820702726114645377
17535342206804904548
11953022219359956704
12704289707501926469
699305786514489045
10136247774708607430
12294256847764294982
9251835259851918621
14862770836727455468
11106616358504670251
10638088681548973276
11786777563176353754
3176826093528412197
13393669489401468075
4590178250543640544
3152624047827141542
10610711478219724890
11320967613138187738
12705079756181689870
4492764490456273870
1255460161028513870
5255973923357951620
75428376366911466
8985282877697628630
4537220660186394712
6913004397562226356
13577512796341522114
12575733917288130634
2913119119377994153
5842318474592896508
18437933925017154954
1441366045928155464
13044024980051054234
6821597213067458426
1429275615988715265
9685237301089242160
3295126320363790498
125030747727324047
12371618936745953741
16219566562379722835
2187171043652280587
1551547365491722607
4394165496838905257
1092570856826381366
7717782487728358725
15422339996052323688
801334208462150973
4702902018821895510
4270074971004989174
4226645612426701698
9303776452504526750
7997751979600532581
15972805712585504066
17410402063960017644
15296833236814847533
6501795262955951341
2601126400714177644
2765797698740565680
2412295754671164705
4930912334073041180
658089659899727814
13422678386644125188
3146297369847652356
10449792315884657305
4763644238625317757
44507468056285885
12853468351680692143
990795803089692069
7076136145707046285
9542996076957143806
15332458139919755228
14531970253153858555
3452048655666638017
15873984695855789875
10208648866625578171
7945145267194470968
1938213314970742964
9727124714620106925
1573057788216595453
11136657400195866943
7404903725024954190
2119102836827683694
9723806209197273028
1476604753340432447
185108928314526866
4010887380350777829
493419773139781014
4205871923290940757
3965738938811255710
15280868787439944476
4360940532098438441
14112390888011459757
3875429032128346951
7576107149798766373
13842759341574235668
1027438148362749954
6650729079348116521
15144037757681058519
9888136450224785677
7807996994740577516
8969518813046695537
12047937092684223216
11771665535156720944
2869200341205617217
17563087078489582976
6177040188263906080
15469345359712436676
15765970469090692543
2047229624066576822
5296709903531112982
1415417501552431986
13877763755948971973
9139197302257537947
9399231079029897640
3371605218725714841
199646665530034600
14047356747083255444
6344598637020109775
598843972118216812
7716417963095276449
10620416818290228436
5766410121811245417
14771301428233779537
16031297978554201202
2952558092644069903
2471543512119990248
12561317614092270947
668094397367450180
17042119224815380089
1481650299358019042
5723923888039773792
12163086266356447074
8039314258759012703
3836919928065085786
10236163449091522616
9890071760859469147
12286603283209185079
11303868448171051260
6592841846274011599
11334651002629651133
7332295229457773390
5231339326025688655
17671765827941179104
11941135370228633183
14817480657084004003
12408593711024388080
11978134618534766448
6494483090457265711
11832310410703515725
16004812286134805302
7929373623374580207
11595474709230433374
7039336527618164928
6922233359998307632
16959190137349551888
5350517851073246547
11471119235228832174
3388837029723695835
10387977266714568646
9605694215572165324
14897361601682577318
11934948336450715238
13508333971981836163
9269489351244522066
13115056331894705857
3265895064324821692
766894022404181131
2150190487306470665
7123878512352630641
4229224231205954947
10940147148116125200
5452257597450264693
5008362955049029946
18414567374266116795
8081414328423751972
6233120557383192840
14817181045581536776
2275952177613954587
10094808795820468754
14062849811658735223
4285146879236983249
5622714107862501256
15601889458000820651
16205048908090385731
2707926382622958534
11818751428472261771
13147369356307600371
1160640284028315740
5967684457801495540
12252685779114993655
13289744353944237675
10329869467080242497
15762790236567929747
269384575698793962
5013082315305221351
14873973295753671341
16395036927625770056
17346478249928349070
16592173939320514854
15232226714297248840
2332708795974420227
8390788525573451308
2312023277686652305
7262413452052283711
5962208347667669238
12689072835570458051
3152432729947266836
13807159928531001428
3659961092605937523
1417596425918637323
2708610073609146623
10134450418218763516
13720595641205674993
666661017720098633
1740644120231518415
13119912268331718799
9684414218972576041
15916205459318887392
3704932213466285218
3584544603703394973
11064149961758446384
9326739894149060550
12816682555505957216
12969862003784857573
14847704041782673343
3727206996271293132
9656555869210246975
17242797126250122128
2636220060601239613
13027574107998886287
18062239158482024634
12826562906339589476
10508999956225645602
4384048046743506203
2935332128414256066
2477734643072361824
2358250920952854139
13645181894582874972
8803204054949765582
13318122487184873476
9399175536244813424
2378957626828946096
15035286083248643419
12600980205436027603
15703561316486592941
1803581936768562759
13751991449382981027
14662243794692465418
8712405727181225865
1805902615735698402
15354213095391409735
6200446096380790633
16727645075813791614
10774150509094603708
5582806956480844101
13216402443493571675
10268975684394102209
9661937557869521992
17127687473836773150
12005449237433842328
6150886779009112574
753894623474505156
13304439194127588021
11011712188860812709
6781641527502571046
13631572291461633561
14496694437677417810
7517879124795588518
16994258504751066732
13391567535928238072
7042296121541529952
16459266304033125906
8313287344401515807
11074651604114517806
13457524680515627827
9257181365035051967
9826029645462271456
8253503079919453430
8914552301541797433
6203172274616971412
3328649707752105151
1844276527520749659
4935960014696866864
10539878991352362945
12659859374331600667
1217582624148104399
14211120084446758942
3983159637451643739
11139773211079018001
8481932049156954472
9644048027758933851
1384172274549597981
17847556598656443268
11315340374277350196
9944557820066450497
2391726038085705838
428295243856165424
4300651055646727742
9559577426964938166
6375214460277070612
13762727096002286682
17674482801203749993
8166463339096501541
15115510770463166786
17375796657096360795
17696117679094124489
1870072859403199778
6482777690297373504
16199794427618668248
6985047729354363682
2084124874274898747
12184837961438924065
4722941046297167362
6184706671446927725
1539111806697735814
4440970189338058998
15317098810602746768
3545786825709286342
7567294253458832470
6993206175560343828
8936162213134657353
10393464932356752068
8183293010687610381
7572276592727227162
13552718100208459307
10571511280321357033
16209280440405425690
12428054377197119142
241104625239935371
8568556991679415780
15210191289770120262
704629418730484567
13981310710816302688
8264564216553227465
17205431005803512887
12022070654903292145
9110525007433239978
10540140692818007982
1181429643671903314
11243634586074382612
2372864043764122439
16357873157633947691
13847351683381906760
7206509157380582924
45101369083715916
1569540891769730307
7391915525722811576
8562366067000457585
14602250315006780493
8208166650061511251
8591775308824858279
8467838027542692082
6660618913198861207
10975296082270896213
2227666632962650840
14827384435557843826
14601242242979223036
10055857960167311943
2574966855662723286
13084050578677368758
2362233619133774717
18201807866759049242
11290516996582166984
15823648569022951747
16878775434832224399
5672324412521353814
11547996781997892605
16827630106649389788
13961884083888034679
1134446944745243419
13841470540759305985
11502319998327558094
18115480866673551372
1031177272188980382
3071542868043194983
4352493445854808984
16822799683533712712
4385419566351136143
9171102183527520689
11752466695387363451
10767899739368180145
13359481294513623893
5515553173136583515
16379133969198415890
841058749075125875
5027136837811557410
10181441263045394154
5881429019595033820
2193753951312547535
5619601278057842494
4379158623697690226
11167673653128175650
6270011714410312878
711948044180286533
3101815567629416722
11283308966355245661
8357351563831799698
1149152671173749513
18110716286051980786
17805672072995036812
8022507853168732868
8452163176488648671
16727340712793171386
16793637035076353618
8273475075673968052
14405513236988090865
11207788506700853370
14339372003418180303
3598508763675969826
3135303858128042380
8875801817619081552
2150177952880360007
11066019067421444416
5944311693732799728
9861217471744486805
1560601531343196558
3373621661329203888
3621241905972650488
12936900314784112968
13865137262768596068
13195162348248834355
15920330820452633578
2135844315036753704
3704142178320982514
675907552652064453
18217149536106438064
4108469439732712348
18184754492590544037
14797592673480912350
13000516177282580558
14286810447191768406
1114726754876933209
4702403097103868875
6885757245400891957
17959621666542227091
16682946811371854860
3515496344545165907
16944841596517070699
17647191627614917544
3542930993535925583
1455967782883715449
17264168601936020813
13599678298929317528
14026837809057243730
1945177773791399636
5766493827975985556
4008458061381478376
5919627750848790280
6194860898100472312
5960621728635577713
7115269250169113889
15695866277423388960
18244760937129191995
1507369208837407114
14869573885353736853
2652378030246523965
3040229124721663101
12966229909915107770
16213405537693240340
15203963368692226231
5612147184863584376
12814109735481478376
9340051913421578691
4799954499296817138
10364161620882566898
2884219948368665073
17289972549756941389
12985946945237755155
17378491502586818013
14745417805408593909
3930170632015818392
10849079314251836300
13516048001573323635
16027439622979719857
7147207658983792950
9171369457355169192
3551359201227056238
579263957941395645
18394899919780643080
14938456963010624392
15049558618485932312
10554053319197972793
10550908560324586295
13500213396552132745
5277980606027313766
6980282347423114695
2305486305162577706
14563984930431160945
15372694601792973734
8295094412057692620
7414202590328262365
6199422541634134333
14953238775946383773
987494759400648536
18216365603550195261
2385805926071472653
17264947230188302074
6046269123891043284
3463089131233468378
3746274682681325699
2619537831792870106
13631092933083732545
14718824392616564951
12701814639561484001
9619307623297750246
5058925947047813269
308813773796763324
4066455020747782911
6355675630824699828
9998530134075778611
5038440394136681084
10175688689962452916
2421752210454088051
10433712083026910529
2690627049032347585
1181317696643939636
2148144633363365440
8619186853564322689
5626071845245794467
11260407558772245288
14507568862356725598
2696539648902355960
16245595558835698451
14307161195750433680
6680574740466543107
3363559410921809664
8837240944524504490
13805800649214915559
8666228135872270524
11535464793670163336
10035043713893526851
5351158549654068547
9963070343324603771
10501848993686464653
9037364998691910862
6844800886663286240
8407187399576257930
6050164886258064412
3726348695348380427
16671393447089489581
11135858802432429302
17049548713858801303
4693226395509714637
952511868163714735
14853359524698160954
13780332346176969954
7659423945006843601
16640227481382095965
55579178562236523
17728209300828851427
6402257612695496742
980289422321701496
4055286627419347744
13109914139760126671
5923887160261473995
12499746518238490344
6305723076670780094
6147190552824344047
6410490148128696393
4204159806634703918
17955348528490798367
642841086479369354
17996966305942013409
9831720462688656889
7911776306369709715
7339959333044240785
14775455332974681607
11951232660945940295
7340927994425545738
3520627678124483445
16320322831020965273
6824753019181432474
4520424362986362967
16517560042728633573
8020705519861125580
7067042300447820502
805333552298690200
16022057897059717644
2005768244351545401
15438415417034778756
15046690311201899294
7972651809550395150
5564770850188391409
4006780752734932470
6211240559930918403
1386820091555366693
3006908024042585720
15746007954118570160
7135832894017190478
3645313353006806032
10409296435327352070
17500693629220189839
5778363164210164546
9686527786054800494
1317837880502110687
18406756327079591848
5954962786210414595
17784591954102770149
9249081122746184713
878909615809691070
8069758430973792648
5837201295574781898
7182985328925463739
6648663060266954779
5801344186930412588
12131033051906025551
16607876595698743042
5083623307457963986
10392062056600010979
17775848358321192599
5047981522848900650
14431627313955858004
4307968528491120650
9805538146687302857
12967961849106089999
10170422344960879766
9594601077730811592
12846137482328469302
3354645995174118401
4483657793258285150
3154766606479468163
11598465617203909170
2423712846854755245
3351488171174479027
16762264198050881244
10793660742727306988
10138416143400561574
9027219884482577695
1459563688063856393
6142013650009931376
6718195239156542291
1577072165105019104
13244239348676465289
416601566686313143
17514108764243666312
5018632420591778053
11582297337754484566
8755912125526975192
14943356433617668405
1041313119024201585
7001025095641493071
9049808257113951640
363724068734321981
18179992907336606109
10030200815657259429
7014490414524919908
4016762754104705432
14102652927748553077
10370826251356466271
15108454804001089545
16412893702694136617
13066049328110774792
7493714939789015121
8951275332929933350
6382010890157610690
10455412438572210010
12351864951864483433
556368948993257487
1004105371318871172
11243725734886992299
16422718747603451238
9382329995129023441
9065700996369321909
6619392250397687634
18410060536419808142
136432775262614707
5937454429818375081
11492956875770745662
9656831040879626252
4338992486955642703
1341656299983739596
6118181778223843539
7834656284300544917
5794388503693689579
3944829083166601196
951915912146239510
11220306769767907987
12820887042569632687
40713242642854252
16245346940449531390
2347673627297846581
4218695846649732759
5118362497399969551
7314546957046304264
6810506545239703013
13834896673625387925
2663328707812520419
13531927291983956494
5829297317925868173
12214925149434796263
15003211329243415192
1055842816489637890
3870901321417478044
14173657598628319189
15996342441711443885
6135597498312883711
3596350300962958995
1466799994968567700
18251222593745149526
14046712277479398848
9578037184778538879
9456829915657836211
16319565650911537540
12841403799288268856
13752246516138643738
15794525812720572522
5863144704172973371
16996812526130126342
954779633217857518
15692101623374414240
837222182379892007
5082358409783083440
10790268058920590518
3864171269831194802
15008360096632871534
15034185891733906413
3161426804682504868
9602172803264868453
1714020637956680848
10739654994520644343
6402574633604255209
2394572973539548845
9486523688675785413
14558294732276492886
2937348849592685296
17801847656262395745
11219364442466225381
15775051067324747814
10281219963076680318
4559824685931428239
10206314477076681503
16854939197766952063
619509423499718534
7985701133299430884
1697194033431565343
4004975299424057238
7316780356648142994
15614411119771376695
13979624009613064944
16573262783713439281
639564520730356430
11564141025805043774
10577418883241006251
15823218822167604812
6081352327388280543
18409058230562835969
13561333919175497617
10303366566810179820
8696174426462852027
11935023551215091317
13989156002768072676
10238502531917364140
1634118199607262565
13306487829341212204
11409316656814603322
15700188596880789257
11568274300628664222
2077332256890253944
6012706195951119322
2324010191042219631
16306186231298092271
14137603382259513435
4918899948886797060
11809744336212924663
5520800453165640961
9403183658819279285
1128939933939912591
1325308838102611901
460088391940159602
12172276013089605762
15749676467061853542
6480619448805761675
12686565018665847391
13049523893152688889
10930425019907807757
1219308720531384587
17713665861170689691
16054534080206527642
6851356942450452346
6998388751653178070
2647658383273764668
3235192574083743525
7576623739803771357
1378948207428558843
8465588148817655566
18138511171280518587
9920725391258626980
8290850522221966769
13335661430951233562
5790435599937475071
3371742303479084888
17989161434293811740
17518916248882208469
8900753633359796822
9370342853598063264
17457179551912403383
3413639367563764505
11725523204377083728
8432071528303086865
4221286459134653659
17583288503913837051
14988681809036752500
15404718736208903171
15179747388663654555
16516605092476298473
4502611162625210260
4204616492445248782
7693523919643184013
7933101170080637001
588528576463319436
2327638959606769822
12424200431362555505
1533531879959766175
12243958394677803939
15085727813717876850
2068875913108873882
8795119658396062459
16772968649483229915
15027681704595360778
7077804772011974632
4789618988953967055
5146412892317554811
6713657695060516684
4050609869851701675
9544074053688303472
6799324030838145716
966724173094425020
7466283064594967738
2790598141829389530
10070516480095939857
2965560485067629047
16392887456182451288
17941751076626295958
15497999800228346033
6818826476179219933
10469137378069067961
5230383664504405256
5045729319355418936
9816145113867611649
4188365866700427161
14813163146439298397
8721471024020446476
8974305570787022700
17688473451362066103
2588248037655852275
1013582168755780456
9882580034916154909
7342197111844889205
5439789815804709728
17038374242131530268
11861751177645135054
1207978203541877814
14199310762763419823
1552201783540739221
3209009181700912402
8628647691437194609
9019770207915864841
5540055244510762442
4260800428892426881
4999660990683740253
5038973566059585494
12941864814319371842
4427186626114441834
16670099501819796530
4346904186536334995
9389846120859909879
5923974852729448341
17027970754945171050
1091121572958117016
16686002015381990915
14042850186239858655
11466162955094693503
17300665982948953601
9954560972359346936
7927000567834156764
17089784461834529925
1623572966345545298
11551741052706021832
13666807204763393910
8761129482058101757
9988917104089291916
16396304202356073983
2544174517680499137
18099410212569579597
9044776981501138634
1553787738831872532
12720181227209670033
4806301728035388311
13596678179738012431
14362228588117278974
10737067792891987053
14304888838702522763
17044055109167996768
4758379725630313889
5510784905605505444
3624766579686553259
14454792350868458741
9320824393553077678
13751498676700243753
1480569221950073120
15700108338049638528
16649878262747760793
10750925088793556295
6024847559489870632
10346843277727724680
85233711590754373
6003122764175548123
15011368369414491157
16924108721235680698
5042357577830575151
17496295296457879969
15317275506698571435
1158221874967739547
6658060431862287041
15768107892502274467
7703666191232097741
16198832396630692389
2195708025227871002
4651868168693307773
15395701884569456670
10928098321879323342
11059552420321029212
9217172958081510564
18118994623352303846
15095173499075189458
16428295560140493542
3909296286872749217
949284616925782613
15519176553428168958
10618129196080424433
7912145581016520319
9864027720824623788
5738151452053529952
9840782024539303057
12393696196627893968
7943785246175439899
11309666286233965322
10207783337012219896
14024366821775509800
11284410158678095220
16081937325335391844
7857339435275866074
16279696653515620105
16736673697624756842
10131473513646712732
17170047465001315234
2237013372765161858
15587521400025600495
5376351211525757731
10533265956118325120
3163178193973255156
4001054306065084678
3286121253665549701
3074570812440101585
11925886000520247278
14417999464678574318
4913341297311008162
16246661713365357466
5464874844174695870
16210507694299592223
11639542745475906422
9430938919467106783
18041910208372903362
13526294853907157485
1598994470302204625
11289660899777963378
17022273932352943891
4706189984496643600
4737213505433430519
5577356122093109844
6758415768404006239
17079351449896170741
14778411549187352102
17102998658567991331
15006547993803979127
4300199689133890507
9558708489825686148
4976876722425063086
17989468195006513429
9261033868526369516
3531954507000167768
10279479836237667652
5515766414782621029
4692247029597333955
15410523304306348409
13746590293281953758
9101630434748015237
11549233875498276909
6194422455738628516
1375546569239839136
2370721852309141883
11580933732465578052
8298240170671665225
1489759559270562236
8845578843268387057
12231823103860802490
4491648853070570152
4048041108787892791
16163559204219165421
1937310337174116594
7085444758117689873
16950590184866678230
6188578548527118071
2587355783927424468
16728596871763438372
13424485919653665276
15912450050072035068
3108268361678865875
15682892084843090680
1800563306286480866
9708885205913237451
1558534081438101747
15239024932842380738
796449928713795548
17823532988183737069
14854767370226774379
17025689874269342602
7386125713444957940
5896963139645167581
17561557077453307981
2794194014858806683
17340613984786608249
7874578417170643572
14905329802250108707
13866126230619009337
7240131182926302177
17276518789896842990
6679642644874723463
6704635326547665535
11212780921430053334
6231990625022191
1622546899062059760
5802141761362325485
11642209834278288417
3206827961506726330
13832037811571002884
17811835004741628344
6271927535265204686
5378849782749622176
7302549716138827957
6430474876144599677
11507128281658991134
12500096620279055759
16388118270382476814
13242110691951939182
14485061307623512829
6180530462914871741
14672793760808450149
189224489844250839
6592292340415465167
18276435555498127489
2207145240253001604
13544894988857451562
13651175980681812971
11132473312202847105
5392767267518668415
13055062351603287636
7089793288054837490
5667589098987343116
6954142078420254233
13101793036074164388
18035690177592747724
14970761251044010395
18364612710942369917
11321318270753357690
18025943251218161090
7082611196136728804
6480702093199826459
894219320624991204
1226952178500434557
6786797032251354428
12816774911801707663
237584050143968246
16093384453483671079
8663181788087096898
9042805146395876080
9159265625227037366
14462428279563741298
16298506911506085375
15986524351656506651
8358861479276770324
18056861681290332582
13147052744018133935
17990976888693137575
9981997266705859971
16175304169783246415
15222874765904259803
6321255130305341255
9224231648846263599
12346588202553315564
619995905711835621
11170314166283201790
9236543011746658579
5906795147106997860
13743246179480500797
14242071583355805192
11275665787901531701
1735161725364468971
5177431765529223930
5527892596810944634
9900542479948196905
2428504056260474975
18136318744190489396
9214026971232227928
18181442033150191918
16609554953886749355
12512839512001829771
16003904783819684388
14514915438093782828
11113137600792781730
5669880759264837117
9553950731987027931
7904392675377041145
8339356196753621342
2458478784232191119
7689150133929852502
8502779666362516413
7443915878419472904
14365497273838990286
12897396206999436154
13568743226154978059
216018514187567038
11550976843883517266
2412300570257854337
13831385201450684741
9334237698971594312
12480103658950094333
2353621622154524188
16107559247089864039
15046924600304384122
3348889295249314977
2883546608717096301
8096359602781222659
9492236445117466624
15794927798321824617
13189572163815760517
12895897434605361183
6733147156926399821
3549478793991820874
7513562806449947950
12513938914536650408
4360338690639715495
14037569917936525082
808687778256223791
1280790848159002532
2404648902699826636
4889154375419177042
9797947894713685538
3588606370222068120
17025334863728110929
4303714330088806537
14110399742916304345
18247153087445380843
5551043584777660730
393095748042655729
215975621432892054
15310021835579589644
8871355921518281609
4016890673308993374
11980422583301158185
8338602004094853060
8547871902885481084
12319186222815691623
6998703261976489652
14058250299962718265
3092259019462138306
13566544566523374776
16435473225067922842
17176565651880849875
15489714802394958177
5007377191855053952
13550999065925608002
12683361758594161190
16538129645964934417
17163482497548793283
416583323205198868
8015890697484054445
2277540217867123912
15374934004678480482
14166239609977067141
7006475119211157874
5931971447743280633
13986334710553548150
10745844379817906101
9205450047140325707
10936457853821766598
28004228402461295
17987728846805118748
17053030253188466702
14324465230796969078
12769296037112897248
5434305947643284235
9961416488657900659
17057874454163340258
16776457919152788145
7641506431518867812
12879403153874760840
17799365391499476283
2017496839779101391
14515649591918076163
11070834690358032275
17119692602763562017
6032943201697173452
10975145204795306153
4834347886566135471
15602208482268093136
15734982033843684025
17709860536619803396
13096056076246165567
2994180514736774728
11857029711767680589
2392265142843958837
4944496776132277801
9849438908928456445
12476336800579493433
3500280765490093037
1213228881502002846
14621543424146538054
15107288277402407810
1048635496608698858
8071152465891798665
11315430369193708600
14340289220981746513
10044515410879937374
5475774097826927563
10396342895641200683
8846692775370835323
2129338252520063149
18061432559739546917
8975947364170182900
18369381092685550958
8667064819061607654
14757370391395762828
3064983457096377406
7488093047866984806
6032422245271561762
3598604842062109985
8496644552775616182
15977521592686092340
9702583390933457943
15040413781159822940
14471367067703656446
17636023740419227270
1146274997688316947
2461700043028935088
1060478132731862454
15779365682898183134
13631568341740103290
5301798027887848993
6778847267434597536
9902151849895135982
17142867798461121292
9462655609392164319
17899487952260877591
9324918208721238748
14223224400825816095
12791528080361658264
14845678935780869673
14164911814207321867
10334188100524745182
7126136580272275284
15215381573698818482
7811156886995570884
11995776637664642859
14349775585909333458
3561185224460394231
13477365842266919352
16297326275779357956
9369429562689989829
696544820958264658
10669753981763958126
12350552704840188143
7990172210032036809
3945324510132870885
15543183686318630500
12448635994894971963
1549517331029490909
