12714382663188720296
12568912769043562487
18296032894308717490
10220489207937475051
12909401405644487226
10454883845863522060
2827312916053427131
8802035113066480500
12075385837692526464
3363596088857113675
11053592402736153079
13984176962290128676
11403520678440810458
2579363118433523867
1832613034747924060
892200558823730260
6440267291126127750
10572991754280032218
4464640920793357574
1419189322794237548
7508956250035918361
1039870904420520531
11181639323543105989
3765418700229830095
13709028001448864886
1022770868174113480
327631723405482158
12071226063615540171
10458154641030851993
16114119735527706593
8807320353440815535
5984919822358075269
5374705126827062112
16725405515941101792
17087228793752022205
12312193606354630596
14894993853300472251
16233221031733132353
11930602484699143026
11502901942997783717
3686684088538679067
1179812147649169029
14674233945460571894
15461199452421486957
7293921526107077616
1196486669486981339
14818040747412055627
5468304920205108491
3028034732195134144
6831952335859733928
8129270285076684549
16778262921738827626
9379114271061553886
8530108247388974538
5720615874130740092
4991544738491286070
12909973782268164079
3537527083489327751
16069222947495083851
3297160479021453954
16080704637805622348
3804152336047129879
12837940620678503350
18117667261035228793
5052888989173115314
16262699253167369997
8063852751118727097
2427326966067922652
16773148585685897264
13702961754050813109
1714947950783505801
241329021488302065
13873842496986796231
15333012797199525633
4224095696158148943
14379091622167966709
12584032223925712646
18066646481179558705
12248858876320498996
8331619911108175366
7745211291897832197
7458702008814161160
7429900415187292447
8827425768166987743
11659077905648573283
1334221700525643102
1022019783114370624
3326518073096942374
9276097196321065394
261400945723889230
2389821870280666962
14975288235038704358
12561598943477358523
12404195347495999249
3874509203761957437
4138074606688892971
15973307359275252525
3060972665333625090
7401989848617041827
2007970961725697060
4678261086899685806
5613219396125380231
10446401105688877450
5493583711714141837
14581004438796873776
16800884203551923525
15884498909632092290
2633058683970725383
10394902521081766206
14923950394676966275
239698666697325646
17286238067736781588
3103231963690060985
9935153482893510673
1377143683000429675
7337854766858401550
7667058869064206170
4319176039491884990
3726422968060237655
17671267180939274017
15986919096766794010
12713897080999910299
12764512400542645938
1058015341805701805
9341174255760315968
10316821608417890141
18350800891119292295
1757385365801540713
6345015066755287859
11839167726754490943
14885622123947034189
2987965926964217242
13410829169321139511
5140294406639433623
17343452696744773035
2923296927863500559
1124035233786913582
14437691186606644785
4253858504085582149
10258208154260574512
12459054586812148513
1105189468795373689
13915287616478194047
9800350422074333468
14999201361538054238
6547230776150203398
3848838315205671060
12123370586814537376
15327757965913056876
9662489009527866802
8993844458662188260
13756123856556695901
10433945392682425343
14450260534351601398
11377225990375824331
15044437584806459429
10427853673702054062
11067959817957767836
10115611690977208446
8217235060623731331
14004155859983197184
16020752158840056805
722123879980567380
