6305107793663701787
15256297537491444357
13013290443214553901
15741124767657517560
7102090832824663360
1429808927847449417
15303338556204755251
204138795532666349
5931567868407400324
3177801032294821592
3423861700980056578
12150703131859394503
8873234593846816596
9902483059343725238
16017988027186719960
17819517909451310963
3878109848016595744
5603433061582064274
4802213775748142461
7047923482871615769
6900832201264415516
2635739260568460915
11034458918811412639
16455424168587853722
1751694094139135392
8340049294216339051
4717852369292839334
18294018439262005253
17891404873600823800
4529116036296441022
11057548645467237817
722111292061061121
2559343519213830316
6407353246436674447
1436449327340648620
3593016790285738161
17709606663735755594
11792866560182313161
1767517292900410465
1125395135485855146
542111142660227782
16789162556332891868
16966284161721525066
