11683585768394348671
1899391009820039722
13495698518328863469
8518678067763297461
2135028129108525956
3928169335016552484
7611580153230316815
7173551182519330328
10095779515102905546
4321239538317724933
5381311903915513015
769695077911939962
8986057230098732666
699338194791992356
167673474696919797
1877986294962143767
15154934645618713044
17654423440261897633
8616682099765713514
191611990568583151
15276010785487825925
11775204572128595070
6155763957869931452
1058343132302092994
14492846181618891309
18326583749632681150
5142087461320802800
13254078147733007699
10439300093380495860
13734570113827439868
1641262892507275607
2348152535457302166
11893541818552211254
14348519908101438295
5694956191115997585
10021512191256903934
542580942485159660
10995769279691646414
9482832982606714821
9343870983562840645
11070078872706388669
16937977158696748390
8209161395702249146
15024430466646208060
4617789265162568995
54373300063040920
3650361034367098166
5257927358490753721
12179687446356945076
2889177831954808072
14403511810144144487
12219673636953315733
7622750501225479506
9435820953924534694
17397005016043845448
5356373289371279437
1537582721591338507
2736045656250563108
6821049061548520954
6700712847833769420
4938211850877658611
11033642425584638352
11367928267184675192
2723632450317565254
12667093357729129151
7066435164544478626
11798095579957506894
4415037755200001214
4609538800977171415
3434552022177961411
3480283354977753850
2949133681746725470
423920710699305471
7284670035799701398
2337814238691541363
3079483671592553754
11584092827837007393
11883999383029237538
1598883980043964117
254190107835691248
3611449131556956389
3281964877561873955
12082517356055968721
1313799824332931557
9615089756853025786
14493378880921895557
946245124658549133
5871522204654992958
10836442863272794100
16255996766557666928
15927934375002095485
11590132091690473087
4612986096333825603
5070516813164897627
5804204777118298047
12795164023781088649
12683347931423319115
246423434896946082
8931955076422483224
4121520093783069912
9924154389180674854
18308340728529339239
11344106384923484093
9028544165372586591
11631036490582538980
10524601322611625032
12888403016897369891
13605021330380452779
922072315809891779
11131173398581106863
13071799075910231941
10161367887459136091
1684288839843321445
8771656277636627180
9598961611910344383
8690552428077925954
17242993999968403573
2374805413113000748
4216880492186512367
4464240800325175501
5613212339643428654
10441872628434713437
10960354560360460341
8128791394107104497
15262544284793764809
994347114840971151
17167200435965565447
4602001139727048625
14360116848160865695
8526161385852481983
5942977400443742479
11456089121146290990
9000912226323222747
6774736991455181368
3298859148413926362
16927133175335987003
12051702326404542791
507673762897756407
7002003598062135993
205092134446783618
6867108518642938355
10792731582237514316
1305109991513718848
1652483081398158263
5717986604462538907
2268987296183781895
2911626243947697734
5247337020697269686
13991840065049066290
7564213683343038110
867734813320930676
10216952510170452182
3359381330696900480
12001460489149496310
16532343449424067541
16884381565864998112
16107562311504483568
11992644925820873914
7114122208005667519
5298189333372388963
17128723320984657290
17098403647185904843
7210071773158409269
18432778769042451174
17825425298214653435
4765940586010944592
6515070960338180762
4148092940116257281
3440545583470442402
17683436408978693493
6399150762297250705
2407763863365547783
54150370372518426
14298150569444611702
16602115048219795190
4981610212343982491
8904473818169020398
15061650922515928855
4611240725011599304
14116683713066525609
8136795740570897943
2548238359499230291
12616529308244269609
5274388300921191931
13173131087493711132
5640938932017096579
5889687222250641814
14490704330692131342
4906692749265882548
14786951862857652169
5352062684192637284
7827649257256635372
3648287393846527706
17381908542528042391
871826765235883027
12864224560243785036
10737336750905833958
4290580235174792582
3080420811445895417
3386055385873385545
6828274546186131488
1788568420981607590
7204634025649492548
8492931501371810915
17015191557823178359
15994811014832852231
10994089163138044099
403378720975543413
16785530903670123765
16342669874932296413
13833530520783977335
2629196974547021486
10545189934215016917
10238931609645769057
11412164539899581274
8940319203837919961
6425176065765445353
17336494302320624242
17271399961082396269
12703417186402914258
13782894070606844998
2738375607829053156
1774343995707734267
8460788701266013662
5117616803064195926
16928628800949480637
9432473805711437628
4669909301139075938
1437516819415824817
7629281073458029018
1460412217049005724
5929141470929990102
7056344709498069640
15205339897111062736
17301701213379993501
11765886251736104015
2575593479188489119
13759445711259095797
17765852574811419782
6351603151311824477
15486684384998520051
11714527835849096563
7032185624684291361
6807565188232175921
14048477653376099253
11815723683760787194
15588491557173087317
16363365854459023981
13340518123759867646
15194399543703883404
15697260463723008568
6899620620425416679
18360924203300675884
4845245372618982726
727902108050922086
6069602636955026390
9952824962310289161
14375068059089038354
15287448224345937591
1660099925316619328
2282289097923599751
971409701469782751
16624360513833083544
11331814624882703951
8457948995126309663
17195499180933774375
2927229487005629169
8746816667057419650
15676095232747783010
12443389721599462846
10808902815376467391
17188109258776226914
18159731037466984724
11613083229943345629
2476602573596718727
16647740983383265971
7287775373521662114
12391619858792729104
2775588995654827359
2074329972562883641
585924949047837377
13480318561402219718
17117065779473337965
17860404705136186074
5745521958292292498
6716665161298705672
3007687947801951118
8049081818021944220
11916907137175056905
15030596262591229551
11262422768275172331
5884316799919535390
16439520487086878893
14457141339698342256
9249334598397507867
8106189007324454359
6036229985835682013
12987344530979265654
2226647509143584365
15403780240632551353
1668042106236645961
6604384292888113110
7429219044578357207
2456202047412965816
2359088297480022450
15517346396466227649
918469814677759445
17571364836571200594
7533214337354010398
5313428263800712628
17486956702029944433
5942286021548341408
15266737839743657571
301678339204651494
3004720721229444613
9480651608153279860
