12866667021707857465
15155902246117021408
9005284474968456792
4036099841011280489
14278697541967594127
13748751018634838909
6643034367545169584
7188931603150207475
2136814460177321768
6130984583928828804
351712749014415504
14388007728411449872
8165689856506461159
13239440712629264488
3119063970120361008
15643213001941820996
5109024673461230240
2340163234328506587
12427252825575362903
14922106031474664308
4339369022101305300
1560969486374449360
14742750252460658074
9302947798339392512
9858630403163296214
11038666285555287206
2560404208727018742
1814640174466282929
3424830545767452017
