14021554236908524323
1402920720240154699
7036443811476415810
17047493089070494833
8128065222915046563
6324677093591938022
17247709606179259633
16361936485896790
563494505654516685
12803755145233543334
15439509948559173766
6787190334363373050
9265598541765322143
17164527614274212583
13259027639422023417
2528552021072302833
1499922072586657099
6881010560454506273
9453669834790614438
16928320398287734095
1895322001771382734
7379875731362462424
7877315248667999152
8411736619626368523
9239991115197745476
1178473585729930216
6913997992572735106
18034804130182355992
12943313342817080242
16209945549349478942
133119524439286505
15314508036157969083
4227735512895499266
11166125617705139883
3098218459504384416
10102300378742786714
418141030460839389
8731445275689099263
1422223196126869264
6756369533851847465
13880843908436878381
863176084567966934
508121230139480093
4673781114948898247
15422614831460641173
2389412732266289292
8634896093625178665
10924962098610899834
3237932030809032514
7152493728198483009
14591962921088573372
9891005222915835040
8372893682064047901
11479082681482094087
4151280372658245870
5962360675267625743
3548870109670250700
17874673071330374097
14064472510202974807
15949153400097079144
1988007502027683799
11157206548116623206
17147218630558277097
8315972267112265889
14082049051336669314
11208978471267589535
10225701704925337131
574658551033702198
16694073625892838120
15545214446119160320
5788742551458098383
4252813176661197521
16455057185516547677
6946351585416841532
18213093128196425275
10607425365765491082
18126246697379925422
16334577068890907437
13856107264331307000
9922438683921423470
18367931754709802374
17928236842156676404
2294356340808835511
1272647270242536139
12098350795527909786
8905294881306009092
1512766932966716615
5674185025575224543
9961656893175172522
7057910553514151514
6584969829154364089
8752098581727577326
5609685955190995518
7196647559910859775
1546129851108454858
1937949542494863851
7989912245229388114
9093216581656491977
12647134937939963262
5304466759835072264
2575549630528001870
8998771395873035635
11661816118238564470
4578465447272833236
18308573514342656371
2499481506844357230
12932282422872343226
6331445919010115
15950810868617423459
17770594372012484385
9627716991550173755
10358934629678114735
16920448968811416006
9894174414384682777
4257094995903614829
5318137016362872273
10622121410088839563
18401491032203861573
12228901256772321392
12363515923851111630
10124261995769361186
15660516319904501376
11843143661165122814
16676789359900237649
5964319206659272858
3727793643018324008
16286309149416566446
14171035478151055185
4922699441636665399
14990459132121714862
4814897460374924128
17638898878552421955
7239640248095534656
14608242737779184096
4362866677537647615
4061182394040947222
17403764667703017808
6555326184954173163
8894450920304786431
12571296438063775821
6805214118085517619
8336603894156971680
14483396003157517183
2139248653157626108
13345729109684236408
15857859161173665614
14658092587429086867
13377599896164248881
11056328518240430230
16967338726935784619
3091639800400798576
5765772386031182696
16681795651184948746
3945099021028397166
14727605708668919361
2570459720204480067
17256599512956737151
9095941368948426011
3137461849774682108
11459340034515314092
2077434165251428699
13756429602904037755
10502498685392778994
5122937521536945614
8512066111808110922
11236199715537562966
6975924517321336789
3981348554847832462
9939187312086306372
2903782976102048663
6504672085601563485
11306041531341187651
266316728341729785
3261508549372615824
6546044853741749747
5020256687302612470
3430571884553377010
8628855573709840107
3914582989349080054
13789695536722634172
2753408130381316024
14303003358556661697
6201276476897508529
17897037915616508883
13935717437060040766
