10024242744073432393
10572723043864853916
3666241994281932742
15335067269126246769
1429427108018581953
11267301983048012201
17818872725145987736
17823325959713813804
13818284124879848685
18322943430203398310
3564268654316704837
7229374226448158648
13566896529938731499
5154428392117441999
232176435424742986
7844178788946004902
7903566945786652645
13973989818950581445
712686950144860160
2140841563425833369
18000774265954820056
3242783615465033780
18142325950714366157
1920190240131806011
11624796474605802146
2924439404776389275
5932879550447107566
13841542523790088511
16262463270556415496
298774025810820901
18076069668985792810
7660908675465299300
866081313271516440
1755048427210787234
8951016730956231501
16789000693061639134
7085658182711174100
15327485012585428544
7238094639150116251
15488568046224870427
15505212517290899730
9169049354517677612
6615452799571718066
5501152131841679157
1140992799382487821
13274279547234073944
13537925994430212380
241705720800004810
1884043446413396751
5357143062664829750
13009035939714875297
10322559067400329118
12264631962992898114
1289002466306233812
1351082053105412137
984355397787886331
7378921384439998007
12419748761929528242
7805461563717947409
1555400767242847222
544689346126669422
10734354875189109100
17215883632669042408
7471190603942603113
12112630036000953004
1179576670575050600
185753740336045387
15999288050918131033
11481293118131353023
2255720126940455959
1821541289842130377
1146733206803492447
2006129119145648152
4562841494581567173
8041295015660154500
5918273855437082258
14926285307561263291
2617856965590477044
10163686849392726723
16243670959850459985
12467791189306211855
16833662753928876589
1977082170218789629
10459650088328569397
15493771299663744002
11475623918389574663
17605043657154525361
5073079617030696488
11371468465811058380
7408329581762836516
17957888383796247953
11328764846971909777
1192105377713267712
10537033774475649437
13190286471539238316
16927818911977367403
6987525374825627039
10329454468802071124
