8956663674065793455
15239014297088811315
12392694462880443702
17376967729485473433
6454035906340454057
11836992885625265806
17212907997143943
12298184652202962651
578614819102485495
4126526530808242338
4553392338900360635
1016231337891761869
3425432235291688314
17856336158301650653
18287061862881696302
8257572677353706604
229765707456729946
13240193975011886019
8985512681696882135
16828465759185773279
11920057341506302233
5200669314314569960
15056350060969117730
9232329029494765370
12137159284237861627
179968865518968087
17884851091437389521
15915644713600179294
11794777346860669262
243118161973262106
18309980438467345328
11406318357893603243
11400803876212051827
2769545359184851432
8722886932222505114
17117213370776212483
2217046698898235423
8617691745392238707
1780411237197885906
15163184678772028078
15950756038447820399
