16803590847989049263
12558101580989558811
3650971820275522197
3572144822494197004
10123100193498546294
15907336534669618882
4159490569719226380
4625797301890925251
13176706442428051113
6467167475942135760
14930496605030091227
18353037529272073098
6027200911838818690
14657837997105422871
10419779181676367851
3537608502633662304
14604783566028539462
12812812035298634094
9322327153894089041
5809814453702999876
15943653887784693909
10775812806194954934
11283566101986752289
7644164153368859561
10158046408420623737
6318583158484078696
15658752169151769869
10235469988315565282
9375195869010184530
15536498421592567100
13508365675239677507
13040344409173290106
2774974609473971893
8735843066927578300
4479986377134642836
6921462737305857706
42311585000231507
11944918884541889710
4201302146839176267
18037782218192802795
818055581351519148
13619741710338789525
2732947994759912660
17129791732724913320
1571011016917023162
5831871004888224172
17581138950698658389
4712572423838453107
828003589833998917
34116980706599312
15211673869494771244
3596293418114461851
5259572219677652712
15509248423053095722
9383031296380428882
17923603074994309716
459319448674036398
444799008681710377
12794926996442229751
649857088258019878
16131337496969625113
14921740440009518945
18314067308393919727
13170976791486506716
11093477280407018746
5276863769599688996
13440225609076681387
2997208637009431120
14023571128022078500
11474965514986301103
8523179194254766958
18036624031891232865
7398354145474000756
10477875519181008379
6866643012365006336
16446549534904895501
1899760054373579043
1356977800523618779
4126836378638992010
6171927227557997363
16158879216820500053
6885612896311721016
4101059046145251081
18133865474808250019
9377305411501953168
13728118428615401562
7123255022406651704
16702013062219682248
15896129467747740883
7304176438005606627
158291561157398121
13452570703880409034
9447615506733904120
7795536084729110804
16929601693227645765
12860183167046072870
3501029739448892835
5963982329138696881
8526940846515142345
14607682464954479058
9773837396682988577
11256786854475306811
1999035597519457290
12107650159837892164
1014604658200056478
15870740044099309897
18014678909717088542
1613698523551460572
4917805882452619056
9840124489913228867
16619548294191449207
4859592118503219801
5622308241625201049
3701803223699655246
9595228670681935367
16889827029074258688
1376578400297552355
409229893893304886
8486481589193532431
9980400402031190576
18115047753939688593
16017924378977367405
17244745307940779624
10419972120528448567
15290437632752937438
86666449065842455
3707899594486195320
17444531924244670715
2417997818681166961
15076844444248988290
8594345521310808456
13654467203702059839
16223081389335037100
3279556122150784317
10664711206426521782
8623413377386950483
14907219849040305460
11558352196033501165
1286855583120787662
10864377706025957293
6644267820982576866
3329043195352877244
13949768638296463709
9847794800274882094
14366309577384478572
16241109511888756124
14657524993219283329
14604608294590015077
11358463887772794787
7934203940861568853
7599426901694828998
9307476865607936560
