13033926116505418031
15996139106061423063
4802186922920768782
16092534386317351730
263647881972206598
4450488590493126362
7302326141235279984
14756087459818056462
10559429301996717125
2522714963631136225
15379725678350229243
662355500642547111
9564266983082015854
8687676900200050405
3657289675244811053
9265629531355739256
7990176396263634639
1264735001301096681
6238342716680503120
2928394893357671039
16517779842552461144
11859922899153950256
8103486356615487415
14352858476534982830
12716990699205102859
11650538059114727827
1145085662036067001
5141827289904381836
10856893799118574429
661959559431141075
2168059717983418285
1436973073681110989
8196932512184741818
8500805575279428459
