8703656128782403543
8670558580999870648
13784679979609295758
4227492888530892403
9131131995075265446
4720484997438082169
10419680682312737117
16856567240917278085
10577483743196034548
14333262087167232997
10778400639958572192
16053014430156361848
8590466167403091279
765585579505480329
13030513469451335754
11142498191655402494
4689373233308613816
1240497675554873239
7181068816455392560
14612871318655826121
1893130822914991843
14484423935695402985
8539916680658479258
5171051022725421827
11280795940063966022
4585338608777930556
12163877347022854807
9989447303051442120
4770919280443544954
11949265743240514847
564927168240554713
15596013045033084935
5249641780846181001
14371274808814164879
2255252307874548165
5201627785503378109
687277907489915663
11182625995764700832
14320172452858325190
3177316457096274988
2040877874544646174
1754184571849760747
15247913029528155544
5797023202941868427
9438989765322290502
14303455904256370683
5764180521820124940
16173132206680693644
16641434990779252947
6755084214985475061
16020643916731789905
13255109469679905313
15186132600569552200
9927257963798664093
13243884183429024468
15406585045024468760
11773789679546486434
983742051343968989
3655469131053651384
14700404659809667229
15872810679724406601
