17719437692472921168
15567300891635705472
3156273442956660847
1868543261736069444
16016723047931068588
1349456508395583063
9049784757068060717
3813413791907546230
5458710249112906814
14555663405265705134
14172007148898038910
2852236934266316019
14730202010275967229
14770528131954870162
13923137069118886828
3634289386517135594
12586209204139002274
15499435018904879094
9903137130084696295
16956815832355134105
9086989544108679842
13076947717215526941
11083503105105848036
8754206495762110391
368878419718251696
6489778227549403893
4550105433049128160
5164399475193819318
2467603208161371904
160410857304660822
5970775792636937621
8577798509717745761
14539901193576905713
4597263592312218368
12133822903781915682
7989475728793935807
6919741298108890853
17747031246678510067
