4801217155829880873
3345348936705824268
17528234463786302024
11317693470834047180
7219141147128912971
2011859505457131013
8324869388083800779
6060217080852629460
11007988862894113834
8813565792008924780
11867136468117637194
11786353748476974758
4362680071402009638
11419975405337516314
14944512479873634894
2096103947391491844
6130363726188381306
7550576074271637120
12434634561931566212
1537936812304851587
7553223506735583339
17173878354280904138
13050476089472551393
16458945096841964958
10717757298295172882
15321084869359903962
12870519383535568014
5731422931289825832
14416879616528889807
9906327731695031896
5478904172417462186
15762771436369863776
15458357511889264413
1057456693864257946
