12625107291658367746
6079677326900570649
17992550711922554421
11498615796388206975
1976593028837264915
7736140688035177411
6430900038496293989
6692288909615731485
13739749048730587573
16679976704368493926
976239601605105725
11866492436760248009
9671855005198212360
5655145412443213617
8193918205673554081
15535836253840953619
6673712941421954767
4864814179947922345
17006335424556075576
8333027062788067970
16954179533305726608
6762645217580642426
17942092584970172441
7300940101257210080
6619229035749131187
11105398146843824785
16653481608283751964
16147164567023445897
16978585526336391901
17899588595055036970
16097689457864835443
5858074887382081829
4814863778777690793
232144294067563837
8281879541445679373
6662545573145902436
16939898231243526672
11501268918688241900
17420483917864791876
9066163854679674789
4827259787282433749
3102607387742616398
11446622558632272340
3710831856032511219
15348183601924833475
16390945805648288226
8117987804705530558
1571327496972555486
7240555473680493789
1794396274604571393
11453396789729107736
16085272190903336787
6128272762618031368
3887932285723463909
11961895248306162033
3914077100786081464
8991574732163199164
17679748107556033366
397470898370823023
839059820742841685
15918761311039768221
4412007515467593114
2365669835240056716
17078282909529592813
5645461477941355610
16988279712866959933
11269099329353255127
12733195720764309801
1430434239155041057
9827206347876291429
4824917919113571994
18193906080849362960
9290450378904498342
11525333157604954129
5195215497829328280
1174881939659315940
6805675314707882936
4201323899005982914
4045537579729569837
14334687765378708910
12646046454046497757
12792505972879392591
8006215795948565187
6551031077486442257
9613784977838457520
8604963737047908599
15941250655090852463
3576039627350606572
14102570379987502004
3231498896416402184
7513158007338904438
5202180870837377177
9599165640236514233
3606914683044365938
17592290832519830403
16502422978763973511
5675677105519589378
4561539683172972668
16684310451853037905
6793228497680074006
17134559335105485514
11612016946805471804
15824709635102604440
1706068398455889520
8859189318994793880
12709075409032212893
8415256263571313995
13030161338418501259
2489478834260203621
1327005280692216940
14621930633185122489
3155023782813814415
14836871051699816405
2256068532390492081
6513918981444626875
15826751204069792176
1846089713245282650
103659856232547315
16111230872014136988
7102070656749835007
9469348951534691507
4937902727618602274
12990703861668470291
17600520585634119740
11155541737952730019
5453984693265059301
501465010985306205
6851318930429523909
4421323121008037636
11723746421093437941
9517088120863274933
7940510365094936382
13509142581382397838
1845974769525540072
18311985040859216271
12015653681437251658
12959503350603863099
13518483482782479881
7389929158928827715
15195898764929236908
11066139611965456157
11977567309880734898
9514638919640670649
4853470369191219162
11625088150310076744
12846019915171970648
12267499460086491396
16018085093992458104
7620397733179545889
10635758301025910948
13068841646422662488
5631512303497260055
12697969689464178395
6315589705964559368
6262480236187969401
14760572220940898792
1356810205977559949
384864800603392687
12477082000756958785
1541430819303887165
3839571685920918675
8274064559761453623
9140405034761188030
4679649734764813200
823429191542091125
17372595268858033684
8830497457858251075
1345940782233817461
1589496292787850344
10577255007398762690
2198612516814085095
11518275520549828828
5911650232570956238
16759654633752989758
6928038059528697647
7892884369140457384
17288170355363206416
3941521954794385667
7258120384227080526
3891978132024174980
440339873724709021
11534133270615631517
3393517549589136154
14607439285137520383
12898607977082922245
14599273465891633232
18174083517769938649
798004112035671100
664124843140181960
8184017620783280334
8243795005991304140
7896655291136977623
513141760319188099
14559130308932010046
3560219954392721027
15219746134798912794
1266395497948498954
6665636381479852695
13587404282331407923
12906125670185851168
4597969163291314342
10466289140429995287
12515939150112688134
15324533979361219081
2055594921769127404
1030501401584776149
6146827399579853406
17171964268537815018
4910476476477418417
827081013692021047
10248167241449632651
7749893476255400157
67860621130117260
3651743316565918728
13644338466137468439
6612023363158298789
18338186445544481959
2670902818663169988
12604974990904065341
9931819226805755848
14024764721448516590
14753706749009328524
6721176886846957942
2463939396643923973
12596936924387536983
14376996295989272754
10056333344818860662
9674951929427732595
6867306367566283757
9628656276524637930
4594050157100093972
14435215361212230097
1165694640321090973
14814080941874569106
152249211317484645
14970080070554304848
2293520643476050350
8477488244647915400
13061072307788644080
1592529740736892324
13738305487687197373
3299415607586543903
8573125621280012008
6626286240770953467
18261784539694148812
3466462398250791220
1184949206399746058
10484036601904140444
9756007994937623672
12904460669830770445
17670600583021485723
5029259145274768583
15669043352252780178
11949022820327408173
13426062459061843551
16559741804618226957
109323603347188897
1786088457715651992
3049437521893831827
16140004572208883969
6907295134905473343
7732425230097446198
7019692265951204315
13896604527660652435
6126127505349372224
15466729780648940725
8958393739958444781
444535249083797292
3733323902428283512
10100691608860001326
6741582356440938707
18088312223500132500
388736014668861536
5032616724972429880
4224526175064749099
4586007292752653266
4907799225352167848
13795592104741116314
18134397151684035919
3695343994117628979
8599717033786642666
6161042312254185405
10372396720834957274
12632224694362344907
582929676112942072
16830239507833103778
17978080483768306622
12024690695391380603
2804195095738531606
12939975479780517594
2080118225912530475
14133191201107202590
4689105253273689281
16232499570303597739
14491796786743816025
3857250704657087615
4476351081986784858
4569798993500985046
17440580202833418074
11197113344000079871
9174841250324105992
