3591020316062487380
13911247071550406090
2642648907836696903
11272088271244248418
11432837404489314198
2445103960754986389
1737065151402579655
10472067870129677817
3687427726477310617
6488511211918659432
15085177570878883368
6653386951327176724
3958966179502021584
16973266637505231668
14694860482473313315
4369948213801290931
1642765401054839528
13841093689390928319
507923801659490416
4863545564509687294
10731001730228847903
18324522084398817179
14366241062645739453
8116311135011731772
2677169717037426454
7717536184909779375
6046569822113953398
3462262850858886527
18026069544824391715
7049712044662177588
3318227571626706575
15729930758290064227
2347052362520914805
5002338014066596815
5104222100410117406
11265658799024841116
16063032284835125734
1211662054421930341
8308207825260297081
15589968063011314802
3453923286659527846
2021342516082144959
8936143061608436828
11187503162807551001
