1654075881820993462
11544382853924940859
18307417298948956283
11075293830495602633
1899994518616285284
17799463816830312928
2525132538678715003
2207893305427777531
17425211781333856375
6134398081681073218
7462028995231851612
13489081095238139210
5541060239443800054
15835602991534912363
3697420788262276883
17048321465131486893
2804580045599366345
10034493283946060832
16484258703596353774
7367606097607952721
2911617366756583806
11887215935464463259
2263878170055425727
3525461859557676641
8946686684119679801
14417626744542689275
17788282784173865242
16373419833536645127
5685270232810090741
3751666913145897543
7269447861455495589
3612087326664052337
3436084586783108614
3742793869167137933
17423465875857411655
13029179364475993942
4591117876451284359
8799020073760972408
17339411699933255034
8948296236688939184
3322906859424483148
5672820226332798591
8774227720648443051
337241751644297722
6311425736594252821
16535436959920455312
1489856909864895306
6410482478187081276
12119708874180653158
14451958389024749438
18017562895904438221
3847745673373216030
4342534955055698399
1836843449879707257
9789421706210789145
15795826439292139256
5585276695846545853
10667497925255936153
17323621597425498377
9856169042062102788
11868326697433184111
18109349866404825806
13952144607110763621
11611996418612783297
1667901911175318640
6230551777319488765
13382679849483910958
7384703217630661573
8308989609065286132
13764894456658019093
5893545854382843454
12563227233892964594
4500072953713210595
12236115656389527659
2001521751201940133
16815868948081769009
7005579843462757596
15433574107077988210
8457397823492035790
15859723256211843941
1901913751348177703
8057797609761969333
13165936483546223196
15765189664149655806
7797445223364766668
3225133035863744835
14705172264719377615
331831535394728104
7057407189568609271
2582556692308828980
7809569395700598881
9135163393207325268
8096689303569667869
17405986125194523805
5981974016122363177
6516970289665689247
16046596176863533190
17572991441058439662
4542720735156613511
15619430274375257795
4463334622825006674
16268223210798495578
7267605267849648460
5530672927984265977
16359253604653696692
9197208666346778787
6506930205869215114
10512726516756262344
11122714046045614303
9883387211279533891
3469231441184734974
12343636277920182737
14942351996598991499
12643536421281723777
17000537620502627107
8230217796032427815
9715607580579963479
4934583718489507638
11535489015435108738
2625184007695895457
2545566545317995134
11023688824049258714
15719922292255688071
4826568562831981712
5178784387003489588
18263591960779183458
4020505103085288664
11391793888509569276
10552627652797487171
2404259142104279963
18192234026477808488
17379021451970689464
5358972430907473962
13855227241073139282
14914509542012897907
18220140160096036102
1000749570956894192
3534830077902722028
7706979987958707224
13682743454637007826
13932282838275808071
5352849851181875123
4316815026377232537
8197186028790190268
11063159230408289832
17305776040813179291
3714952170066938207
8734009815751872814
14278965388688615420
7858055657884098633
7718313345581346373
8483520610140726815
9195217509016337090
2973484427432059420
10895401509840519609
16155608550061332671
7034422283237817200
2828664340681956462
12385052694254058189
9120734860918705248
5170956574808169727
7494449321499904346
13120340859830839097
17049311485101949575
13569896015574218270
16669574865699156869
12333960591675289977
798592082898606809
5022829033097252349
546566592429354650
8984444966876572968
15370331563187914577
15053223470795893941
10079587100474441835
4392656923540225971
398366881589834737
5288030093921813488
15064280175465307465
8228299687718216315
12773864088589445805
16765541411989317282
8239936197279031891
518956040708884412
