10884601715537631595
7002184097746451528
17215348225547099607
12243101996206634112
17123326324086285437
3845680224817502945
10199798202112833712
10524231536383911367
5802807754558486596
10001379265225003953
4356066650991984438
13607752677225914840
6519211417366869985
13465234866975901276
17399764902354793997
17378923879119930876
17740401095986388585
14990772969586808096
11986152328461333542
15941939370670685952
9614625260330836674
2477862288829020099
4006947780987715631
4558212918478080656
4470195113505651344
2417279903039709537
263685764440857864
13438137044002861716
17889900067478959398
5523808649389407218
12890656028641617480
3299382391745326535
16318404356369950327
17939096535518155909
3802780841658244909
1909248250184985860
15079348240986034136
1358446183134003825
1783392166222622493
1004462602168459115
13079432660217379704
11725416227626220349
11704884402437603412
3029178131444739747
3781600088186127396
11057107136753743120
12816014206112903405
13889652494665513286
17528535611643308836
11434695659861396028
13465944527243543560
17688567104620721081
13862549570722074860
8319672260756373010
7963338933900094350
4755501784158393864
7592350747657633115
867881803361544804
12986824209868344702
4452239075982959028
1454348646633669190
11894584593574486788
12228110443261357577
3691780553628959202
5186526455238222232
3881292344180568446
11587201588638596981
9689123966782161927
12246403718666693938
10273304690839072625
12567572125543548042
9440169700922073888
6598031875922817865
12192850218458062774
16712386386157493481
5276428129673002668
12598664458456488559
16794315232922759003
17689852585465552922
11361607434103050951
5513176076571885428
11820878499087544709
6283295230670832083
4438818337675904272
16290778930018634653
13794510960434861413
11689613461627889440
3021719645098803717
15108729954360905410
11454031542340652274
8377904573312346145
15161958653623318696
8829865595386336934
7381931859999734851
6649141344095519379
1796394015224896472
1502390923549726811
13958565755506416026
11745500657635235809
7634386780526043407
1599416166990384058
7014921086803307576
14768079094303070233
6437235797652975601
2610168355955520203
2952836922309590988
17051586950665036607
10946089948962190121
16460434603575807024
9514400005870690948
6600814646545230947
11624939961900611138
8837574897561341699
13742046326566736052
11886204427904858089
5451784353998385655
4712426050246707813
17660542534513378039
9895908009152958399
11804464654875581668
17735784112783472630
11751451859214992529
5134460869685559406
4671160055272277066
8217219445615770740
13265924189479850551
15922792120639986534
7067320129705910419
2906754599523363589
4317212251432464303
8427456310907995644
986817433774993806
5866320454629110235
2489699020020645037
17974187027216209003
8291112702946569349
2149674718799859309
