6771030035931876966
13516144737919157942
9823478636195620613
4270029845525164207
12105729535249884182
4680761855779391137
16305470640474451295
2313779569401268913
11504503878318734136
2581080978888615819
8585835409747724573
11828252995369000212
439709819984263390
12753235898717125288
14294746824168664408
6195653415534299983
15046003055884306816
13954415182057085983
12615895689539119833
14743668204704794820
15638177187507051117
10725705614892099253
3047335935136713041
17465163181967526134
18212608427370021329
13027521473928467186
