6671629200475203905
8326039874371796879
17344703654102878690
512951158546250712
15940156144653322646
5847545940879891880
14883094949756967139
11340081400908457901
5005350148633867888
7205982520369605723
13304586620699043699
12061727498249221543
2941969084801475348
18340160257404698044
7558053497503987846
12833278218463816571
9639459481498098220
10177738153610178643
16957745414436821530
17868882669528672077
8660170760188589999
14559707093428980394
5433128287398632649
16555605809670090011
17047288887472952318
8131762461509192822
4358562954286381923
9973603620606742529
15658673195815773500
9197586730674764241
17250976376237850080
3300728535444281659
8070368078036065183
6731229866820718854
11432043011799010693
5033729583872312194
8239896310811702613
8337378693033764688
12836401383282557785
15793999387694225941
11060201750902787702
11939806206734426672
7469586695079484962
5699581165819087354
11531610556226155598
13939934436187579068
12066961947156600810
8710008510331708596
1138138484893570330
10552337386661497781
9138484552724013609
12736830010245534453
10983634895775730754
10618209532881549356
2184915301141638688
12848841780429520183
8251278174423287538
17348092334761107324
6794249570957793457
8223594806448832456
8258212289478738772
5693780385158932926
13321311451283726659
5593137845855509893
9976022255135031436
7186620880264259282
15557172334299184732
18136512942144284661
6229270819699726243
10554870710558515022
1308171429252969262
11866720031255939642
1141780880272167176
12859571617373964174
1498216000596793028
16396194272315922890
555179957449935070
13138091862914386504
5163747590155684940
10283906796859712505
14471812020820407198
11821783176608084183
14621629581710721210
6095910101835822353
16417785430032771515
4591044541197741639
1168113552348963748
14990841994454299450
11586804730565227349
2868167736853748610
11181800245667013545
10396452956918977536
17739631627603468994
11068713925082137689
14095413467803338733
11144080641740994200
1875503061659899236
6205622273003936896
9875461455439887306
13177636889729026092
14148038235624800847
6098926840974513002
16707969520749453133
12968142096571266195
18363789539894686481
8580933975823342518
6022157408223421084
12535109359739505914
13061675282961869890
16360092680090418205
9349759724158412686
8490439350047954166
4094024816458269567
13410523588393475835
15406269072795290670
5464777042989469145
2754962200998547851
16081136178502488466
2187002612229252356
10919754303996248519
8137174236549759837
16047278119754610879
286292223500093952
2393812222647244529
9045528349428730325
12918164771912981324
10741118396955569250
3792560653684321760
13318660166383609204
4820179788932171439
9825809692257155312
8689108990322416349
9689218422014526838
13015182677494967025
5872546608451021160
13871246461964083207
12885445370899727662
15658022467848658509
5516784091403954758
2512384157188220528
6506012599763377012
12002318146338454650
12699277192073262938
14168039000867489415
2933486586070055999
18250138485181432077
2816545878356019113
2693982507218190325
9873718079367565555
17245574443829791610
14547890446567916332
5637845676524493010
9375439314210158127
15797140565197518321
11440646124333227941
12317096884026736347
18037466657855367957
8795822241862199674
4845502608263870075
4104820190974786715
1757926642021869698
13572532620786230436
7830416816603729198
5924117243853155135
5019955018339480614
3961990065525680856
12680586240374099615
14510525289851952324
12564164494403678218
9871523126836037963
2593843572861469363
7091520507366901274
11404384388262115423
5715624814414559436
7777306110206929388
16122874319755829224
11462534694311316771
3073075363393109848
11718943135106975742
6606734271470803808
11023706299072586322
4090782217574508689
8709590944619253796
10570926342231616161
18088766162212028064
16700055004415057952
10467081358015709254
12150081333939152700
1064002500864632913
11647140020066852015
5397912953579952625
2295956662042435278
11723605368693838096
8585109092681906329
14274610803970359682
12499503584985031801
16076724735599127474
9221427697196218262
1472209749594986986
9491879852535780884
355862150267108302
4327015856463394118
15561022936108856088
3106170165391753094
13866742905208343060
5256084253389448126
3244399874477814357
17544159659529100809
16277795962466241409
2117071075176927852
15096328054525089762
3462753419292646430
5970315542964110864
3237193280845013459
14347863687121177843
10941858569106826374
18008656843875083170
10736707082476364962
6523148580348744349
37671819444968469
11929782685263835499
3738174335622305328
5704467102634547368
9054962877615052480
12901832071562919125
5710309056270362745
8513645829820495016
16210942744881794864
3196777343116955584
13512354591783582114
14661842364035172214
13553806810119949366
8234581199172074697
15890804574995560179
3904101370162830694
13307639006716138704
452776672826527857
7538350590215361235
1541581786388415811
11256077205596103281
15169712359451351393
15122329404421523069
3890825805047621787
11101840962432252843
13008241312784129514
14390215394589724486
17314953052701576734
14897027074506428818
12262871421186480452
4012811278456207954
16485208074454189656
14250155072368132246
11370383956522478339
7040765981635368113
16563994267465008494
6309279679082095910
15978465024945149557
3297861824063160062
15273176922466924463
13357575884907173291
16920756500139242502
13498415203689161973
6414144012032652803
12935794056380408956
16357005083343396919
16271111115354480822
3257958949071408246
12642464557390095515
7786100640027214727
14378328818467992272
13081350099814420946
18235364487287603267
14032211363999332376
6981402681406396080
8113267323534843316
9397389485323831836
2540983610078830420
13450701337006974526
13039099512497794830
8227145386726231538
5011563093477090291
1962697066517424333
13458537922905134147
13128280441077313001
15781564705833561863
18161415376754062374
1318048067739795764
12130962089853517522
8270555552579423655
14705343357945277705
12443063483809392102
16606136294374876551
3275288169410984376
1183626657243017106
70721413772815417
13811669059869698036
17220153929043905367
11742312455387852082
9820176016089690352
1102644635477957993
10641109216570602673
12065555229792292302
17278619658982799252
6971852516820905978
17661338066405676716
1539141223978663837
7745821829678394172
14422013044561182094
9846411833386604356
546697063649164209
17390000168060142838
131797795210344946
13317247224690055574
3585662872046321501
15190901097624728650
111036445379860004
4302459478832482781
15891901540223928286
8290711789413850662
5215624969289893903
1151441828592169675
3046758939013649880
17419354182971138621
9179459022396818252
13152446895012298900
1387891349235176486
1471099418285006959
16197604767724327920
3634054865869230137
11518236211849340093
1421895752614506454
6730486797936676719
10262305481516942413
4226823777029148906
16455794941743664742
4338996204598747657
995287605002970039
4248258807661825425
1332403512268738605
14822988586913903175
6133206165448929636
5281293619431701948
15980419900687943375
10700697951539635482
6034726580672705717
1865364919804487046
13143832961730427378
3122802194942310984
6157341358887416676
11636491098474679632
6150926089074282530
11670462664624081738
17136762517940923412
13821186253666848739
18211796952567491158
15223017123954418817
16711236514628911858
7350575398313200917
7443578946526339027
18176709437476803494
16579974756629487976
206581415961114586
10767346559793237821
11293810560048892771
2720758435424979340
5463701972606660270
11304305123380400083
3039392830141554034
1844088059801139475
8470222036112576126
5645783080083501743
7651517399340740719
1041947372989407083
8872286463927999264
16897980623620585340
6719225349448174688
18042089151468634665
3287977764804767373
369462163669585056
13515098960983232122
3690153412126219988
7638012046613301858
608127229355733631
7092534863635286892
9643094068024451078
6891914116800575845
523252409441200067
5598027826615824231
14509114052295064892
17227144676264133842
7210015233964853926
6582971864291961698
4544441850442330783
16097050820751786189
17209809544911872252
12709003512328665284
15924810498247746454
9102554567380087914
3210993767236376903
10390372250052292350
3375979342070541959
9048829356340892266
7665079378741574898
13887588431195252464
7128105637109901422
3888564878855968159
10477190828624922002
7470183718086283820
6863499655693027117
468179831358754230
10709142148599970099
5012828005947988933
12455811344054285879
13559516562970932853
17466618355056206120
16037792104578083002
404597034001131589
8350407683741575780
16012850026268117797
12822626191660071860
14164646481891161067
6015917066574084449
17957683245652062587
7851127041398194234
6892306399653552060
55077782869070847
13264313439988162651
9023081796385370695
16185583825045321367
17959316581586873336
17803954033387001898
8674560169778731227
18420027474743150620
513819245474383337
819616779587797036
11096712362282959019
7877895233115691803
12272114215232725344
5040628084609204230
12534334489974678169
1309802506018587201
2914081822595670048
14478547299010024662
3043659515197553777
14723659633292673997
13891941232064440016
12946174858724334111
6844556266839220051
2067650441807245225
8881127673856536707
8777084787959473862
7267769212345020132
16503131642601643730
7784921517219390438
15677436657799111774
10891236934077447401
12775720516950352237
1267851641961838306
776785599958862511
1558719282624115368
2781877918397752871
9575244285338827757
3141059157420074891
4357786857673187605
5598953068331318610
7575159294228787645
13042702223698801330
11081732080483343841
2483005425933367831
17886297805327971406
3726670852464080826
938340504327359485
3746506922252013690
539179614395008883
8394665598100377166
12548595111738651309
12399902424036736610
4523776468938061066
2083579729230725331
3031830080876097311
14875429243664889805
8081306650388896267
16695844942463707969
3122367574536804958
7042056360600663569
7634233470029599043
9254736909522032972
9348261181896127573
4313986781784392332
5490524755988597271
11312532878513860220
7541090994465129623
14227543968062067619
17782087246743826045
3295632774569637603
11029732927671874168
2816403008177387907
5467205551918714121
17096499483859594716
11054152511901424720
8544507514487653563
18228987365733939874
10692806172653952213
13255191664639790899
14515897582200701833
13338555144270922972
16020879664594254628
13028074176116349804
9137308809610266217
12446413277436022665
13346261633647750842
15807543792648968226
14990058219132830715
10783900745198312580
179864895935843972
17101102031305979498
9141603380476076196
1971734555392087496
2979280924597845724
11642799923086946000
17753414040462535400
1272544435964349007
8359798889101975245
6971853480463098592
3481449971510993099
7423058208399814962
7051957092797625347
8494506886161891434
3874357178648075708
9682399720969699937
10508294320769505036
4847341765999327547
2572506991729473383
67979210637696760
358716000698549263
950081747776698330
4826665506646800946
8398811832811064236
13434615213439435863
9013623697265404923
2364718900794557208
530414736897370928
4354446154265428147
2892853707329315778
16150730617613761690
12628738662342180286
10376790928164488982
822347079528927219
1422285266244202377
17592247393137670515
16734434100572649895
15271296228537215331
12419806425566221558
16788298597418527116
11967057316253158547
12674281968089943205
7511276304836391232
7343102194939543017
12101675665208798865
12271576652052003770
8290807301635861509
16242556836764564826
13676994764403309538
15320130385949079294
3436018877555590963
12918271066053105643
10786742039496231117
11518713373933211289
13508160000773472123
3886736557913195100
14928552327441946947
9799113845100284780
13723280451492360733
7561490142603411102
2002166921450059318
12351481259358942672
14902182505508751114
13997668240410830204
13873301424602033104
10481678186852572767
6582161589112969208
1320838615328803002
6721290447579457895
1055064433495921071
15364880728230021343
10563332087842966930
15682019926235695465
7321385379090089638
130103276184356503
6132956921182081151
4560313774587980985
8458863510125406694
2618728029219070365
14391571143156223185
9309429908925949481
14390371533480585887
14085076935961506694
11322612300494358325
13405967736417715985
14806522739924309887
8877726491467060128
3347291745499354509
12477024808828232722
10512296477623855669
2328860925404162877
10078487343214638318
510414768463302207
15823873810584251257
3890548473598132950
14125499567016066964
13088474060351639910
17480391240641234717
1411609866607457514
14167535143349091204
2895513928909117236
11524922610368495030
17111977842625411672
14884016462508738552
5485628898584247195
5605725487190417848
14513786924674254327
18175043118146690943
13313377852703384826
9045494474039713391
8778376857189457602
16010225140329041810
2618542856897311674
250458544509311330
4271226679633079402
5431314673454981252
7920671630074066130
1265350325121816687
5449699643687537857
8029743102330238541
343105664402800988
8732023385080497431
2651986609889708808
5279204064089627993
16879655632499305930
15345262891500775108
10384514265319951530
15525316579561584968
13716892594350023865
7284169726939115136
7884923062465163597
6646470549269363226
4679841818667052759
13596374557282764274
17482800470816459829
5466007968613613199
8860808313296931590
9743119332296748957
5044276747768552467
7330873309752573000
4628713282716059074
9803447255654757060
4519417418926022166
15209941566539767941
1087781804220483481
6426206319623652431
4382668947766724269
479679286367615436
12711881769789178342
375334094695439498
12857290003550781456
8761529245803116678
9763359564935453183
16739421991771690654
15194060279718080226
12688774374231572897
1005472563463474267
5054671562014965951
14623754700801212454
2595834120455479683
9074575695674867735
10054491637748382576
11783669566547477957
10266802932284245769
4580658612891531766
3248469021986068624
11390469109368249186
8717845088443485125
5338952048268296570
4840736423954628657
3521345749924803021
14684327085549103759
12059543626138912859
13549393442111372647
16863886864058618678
11175403349973620834
17792368398205590412
15063217551325365178
12986366942550998948
16432020282937586102
197079015806050625
7987675050736861023
937479353916019796
1241386656475358847
14614454604006312116
8973649973950437158
11366083343102513703
14513712711301617241
3764836080993259983
4637221852322356054
15344712671754785278
3274630513270972878
12330312413276092316
13026273838141606317
4924500277245463707
15378579592427814624
5758116059714824764
2292260924342396304
8676974879074300091
5809095093571218567
18408271863723234183
2131096829605153385
10583167211661328642
740827509868147087
4937553097800855315
10011103741388780638
15699580086135696381
17251393964498232675
3595208868949192309
4862020730825306062
11343874637746024308
16356384987535539309
10999756900426130308
11999820131406417010
17238291077779832343
7191843989132422175
17312421470457378899
1883505988989025356
4865365373309587123
12595353564599813351
10969651482182843745
16570163834343512671
2237568319706685799
9415123436270531757
7172591635503455395
14371537184687603827
7046828175600419179
4312900311983032366
2755677286933052749
8449776215523537679
17421863746356368043
13494019420221581160
18172408949730445104
11272421152978882658
17597920565471794136
13797534750065241966
4662840454007043863
7170884469771514969
10725875129050743805
17191275258153744689
4287493482585220401
240379938187383666
17086473346037214990
14638108853866647844
10842408067384056979
6219069121302875023
12873255543746772010
4430596541955007213
2724888369295768685
2016073356927759566
15146935830043644969
14854088034821446081
2882619060177903932
2418339352042543014
12508954285912499464
2167153491368043833
6711472110679899144
12676287777360013900
2601427989729626944
5326053645621382522
15757739278751558494
13836678449517993050
16212768622722425964
1256234596974472970
15005398332961669065
18422505048992242982
5959074301059112840
9592842964945579358
12275546374643141433
16380449287305448375
11213368058558971835
5663343178580612613
11825533432921133001
10733834744471112664
7837340182217320818
14208632834380617094
14478166093940413455
17381913487327770396
13357388358264045786
2831359302396032818
12852010844852054501
2493917136639040033
2219786173919040553
3343298425905076388
14094284964907780634
13478438167237937911
8394675767652398160
13250096976062276051
12008498857726093820
12677986242725024594
3475451852523884744
5459104782299450456
14027463022964153777
9968309859016154481
543285724952435588
9814741554306974476
3577207811949600761
6054107991466164792
1547748958124466527
7357385794309807222
12679659467746405941
15620363350209822283
18285497311336915336
3413942228551621209
1402358715525072888
849936705013388630
3327664630638879373
9552521535210318474
1912709203024561043
3716372545880282630
690933001497908856
5858362225887388899
17363309810285721948
3037135838869463410
12866005167973635979
13381144008518719503
75422103733410484
17794458502828837115
17259609385532578991
10269816313164522251
2159972400437296356
11558007456486430121
17285456095692586135
12466451455620253561
1561557025717122632
14962719060178382562
1165177459579390353
14166291466785266175
3454471441725619362
12232750039965294826
14066569593838113476
3944472430190351345
4126587056720069275
6660189853068878072
352738087637618059
8815071000861759507
7386757385898329839
11942755903654557086
14137292271871222324
10395271586158099065
8031284524370759739
2172346833308770250
9729172983485562374
16137438671135880768
9121585539617036051
3315382159419962180
5772709829025540722
12316202232862541124
13984634736220723889
10065754976803058802
16434455902303738815
16099672506267544505
2282557267274207982
9674344696378309090
1828329651473711503
15751022582991214604
8576285761335861640
2152326563106024484
957259227621435540
6391134654294194247
537818915632583299
18296099894634336936
15452546339163401100
14164117984936053710
2379344115720814265
1392866902995160114
5891514526158703582
13478018649955852979
17709579804303713728
13962618185339566100
10444095482049017575
3801251212958312748
17383779746626822665
9040684826259929205
12148190286232669934
6330050056187311535
6059666777599606199
1055692646486925032
10835568792548202261
4955203533488181223
12503569421956136306
5223497191657700146
185383962007510072
16949080539788853022
11773807650910269004
4010284236391264091
3322845950165903718
4897094239782685076
13563468128734483781
4053295147228106774
8945014325595217169
4279815986383467352
17203973186746128630
17094396940736506899
5765459561817203811
15780269751267846027
16330129094559118830
13129247518886097100
596088373787190531
11281019903608592932
16870854215713607560
15128223783147863216
3059653257565235059
1282957614781580434
1088889422927616678
11478298649596953752
10314270416414840568
14986562762888870320
9791904901677495813
16836244408594193542
13485717104392492000
10128853809706117487
15524222704981278904
17491354881803319584
10091063097316359158
3871152787739938319
16755059217997127070
8780002048874790752
3715529124850942034
7832404399162624887
13383746221085139968
10660656056996979903
5439056814307227512
9903726995276310840
15388207589821582499
11632204800043775684
11999499923936114664
18437495672436957717
2060255466022233426
17351649297222755302
2364769793324402029
14390577961943634034
4014299702133925087
3251895639938252521
12773487681084547292
10892644229385426096
11974097436558005539
13720168055723978905
14799554357989672224
4021655988686776939
17087069230683862542
458797600093395664
3603793249878953897
2307172914419582680
16507082324315612785
5552694704921208401
86777722472015971
13826568511276940268
4908266454974519105
4618692136155852926
8676758281841697108
1053787419739297651
13609843494064916845
9251898386338342919
981446856733522812
4102489044123867448
7472953149774344
1339324625455490769
2673181675532435047
4441776750877507546
15178325250724545393
14975419251947133162
10877909722561217383
17722761174470865842
8483598408033766471
14201053847271830203
4445079136739697666
12692675635657859930
1762814843055281475
12517445468942278376
1410175164671522952
3695009354032498079
10296549435670913282
16337769411922377167
14780475917658289406
14073825696756596215
10775016535457405894
17621112352372494199
5022852366362857749
5512940603776988283
9573387511957830451
15557708339340622268
7253791612478795557
9999688332457934233
3509118629173580286
18020637915513799334
925215886124629101
2771054848967860948
6710436871783511023
16665981993190266856
16465394442481833309
8418182668824431977
15129305875766236891
15951797799097963957
992975583531879014
13142923955142953394
6601150018309973099
5764224306868529358
11222495209132835045
1585798289460814818
7982095550360869223
5830751711053581242
2317269025977764441
16125163567971790687
5836848895901436591
4573790732673261607
1806243777147950080
5206984726670484415
922326797607656629
3639744401160066203
12489403547267530912
4847482828742612289
3485056811154291384
13301164997175290771
16275570912177106553
13678175959720614298
17795222881409547659
1416648772233652950
15008419347957123631
5684413648248986451
8968529036393597630
1002615295527711968
18015975983650110530
18239732836931294220
15910296245396070228
16314256428677933418
506589105016485965
8222847514770491535
8189379464844765589
15649008895454945076
892193755384174967
5216722119697615403
7732535818853242952
7757970765330978532
2356389239046701850
8555016737667606152
17350864127723516540
3521908957677084055
11441028410464835600
11541706591468202691
1147872832829843597
5665834578416955470
4725007698453370455
17499104986911535698
4577815479319068404
373935757222093874
15487276098972923163
1153608605569914105
17955030447023638141
5515033361125564276
8248957858092485622
15974915554191938912
5331416549880114409
11734123461380281860
10067907428629105165
13633111751530515892
17631878179972757392
7386141216016711587
7599493654506034298
2244439171920079949
3746581488724198466
995722110712697552
13646593367307691884
4753244491556670688
4886568578376839252
12873821609043230234
18265154078808992785
147374923098069284
16924869454207241082
17618502905919419305
11613453512554111857
5001638916581535802
2498944954187799480
2839939735428617428
1528449881770023017
8432310156146909146
14280965394005616133
3309651663328663574
2748947680097021813
3268841561923117422
888121790360669246
11007162673075808472
18434953427739265838
12931126801275392589
12731949279442438099
13069275000985044249
5496126266278136908
17235329070539781525
17223321607077830128
11740115301892586944
2122566456028302432
9109674581284145339
5603788451488679420
14867025342350596147
16811609854937106337
17738277897893683975
967439502164109067
17288506318976733645
14769229901042851110
13638061838861594794
6690798278851642745
4899676853097579321
5619446376652352950
2173833365699683066
2940606278952355524
16070223641753270685
16451067099522257806
5042541179322980645
4697535695490726194
17563566502606193988
1293962972620166678
18346425133387025061
9638880155498026767
13605361019220888212
14077269729885195401
13051829491258325907
9298001228522330409
12364525026543365744
12911379174321878132
2215663911379403320
17301162609251379220
204415822592269212
1132106296330938872
15850405663735615123
17106184138250231478
17829970629414294164
10925421835502236994
3924063745017296585
12536271834045042714
6472752056372589304
3062164905489652214
12580081918521217953
15968816391434030468
11382685178593772661
945859154734408164
12716100361551324227
15114053247694848345
18165027859138020466
1997318233866878769
4951494570717844035
18180758152231835097
6243676614724722252
15580267857303620114
12726432998998888873
12635746569760184934
18378369796044748098
17564534568727950708
8579040201772714610
14242077222857831493
12244528004026067951
17928183224180576746
11600594834613343252
460706574234492237
4067560300042342219
16303741792625427586
5116889466004803013
6636558811047097319
2190000205413699531
16703893069283251072
4692667242247826845
13932283446030360456
17091833786024837415
1217940107470448079
11521315532662238311
1149232266143080037
12038115390493107474
7663145301900557443
4373791699204686061
12461632873090153455
11651955370322880860
