13023255524527625563
17005284700625355601
10401407337025263409
12660550675434521564
6996919880972873317
4708454423779925726
3422412326770932146
16025645219925653505
6494712664554013021
6866023486606881265
3881830481493579651
4427880631389571429
3432301898560434872
1758200615720625565
2825865515993420484
16221598166055884362
14384441264632751222
5835635111797415271
8418170059589059699
15986425789933460817
6560892694375299549
12173359580237497967
7841212443048971915
13279159530895842092
243859867329203170
9362340532319903034
13909900898764616729
2783847246812599578
10641783705044826175
649381535333174752
8702293197020223207
2819274900800819864
16212254413968908961
7979562819437264448
12435956334836032237
11092494861681092268
1636196798251715770
13091028196731172157
15560557593262982524
5089378157640626633
4604654083745402934
11112160479031445704
5287594365956234255
9754145087370369157
15127139760881716025
11874505988252311759
2408990167685642968
27879031685571067
17266903153564746578
2766345390104828371
2166120762406628078
16398181887869817612
8478606061056555875
9579445435659519741
7005514969751575704
97930828540948002
14600373139478392790
14164766274533098993
399231665759827404
11080652512482558298
13811564793823223386
16554948020472081250
12670887995422770187
14143817903656528234
3374077472164863680
16029591352349013024
6509456563945972976
1239612728650338445
16853996350667445714
3315938177065670997
16505809686652754671
13269801098398373526
2193769707405996212
4081885495402758796
8760469749898881099
17011252173674566332
8087003545606429675
13032354729820235846
8015471433706551525
12074829699073948040
9025517872808744872
15806147128980089808
17725184829014076751
10209816193342323652
5232068284142227631
6535203414723499348
2788533215822369884
15394324124193002849
1525348259857249710
18154239967748818214
3865856622074790150
2708712005537153356
1850925056794959044
161187947149445052
8710881616053967783
9747397409214251769
8236312634496447759
16794622175830781516
18063155307683536240
7223484464675539245
15014100426240332168
16465100744554120257
5270151018213463510
14536058738127052254
15785536155104311205
9317606467065274311
7132177079061249474
10842101967522739361
2956052713056835114
18366621850602135306
7155135912693031634
15113413775516093835
12375662953378398883
13341206725199768017
6933008748969958308
14765266730733039872
3037822867287241437
12956075405070760357
15702201123322548467
5915197697933013739
16133406210695095819
1561330903024889844
9334666592527419426
1952650360939078726
7304860229162018236
17444205277550514899
1630511821426077407
12629678807933538200
12241754647098611249
4787635983625817201
6163634005890682999
13078321896569341182
13386659415774568097
14810541490988259581
3741567135682380613
11300457451191950081
12905067368294589596
11133210002095931109
