17295533927912293665
422884723874535332
8717032746835023555
15335819693956031332
7167097317188223905
15869915941138389535
6279397306110661992
1951008609308698848
16336228919369857892
8300730190012920563
15917194133559909517
4488281674805072484
16791878557788798518
7099603535125606140
18123021646658667731
6411185535609114943
6370231767003211600
4612166761274598064
13782363474588273802
156032688277594700
5705522180130178495
839903029558273384
18433980955652813348
17309985166452304792
9026789331364975548
4065999225615315886
2977407407215936438
14150398150824589708
12751674623104381326
178111210111413004
17780977031053780216
14450148669968317786
8165560275428769624
16841314533049889435
3501159399858519206
9743914086856194022
14693513499975024177
14127776635794246215
11400248635295316184
18279469221297892426
16513615983150588195
4051271221270450455
11336412252242838443
14494889268151370559
7003879356764846596
1678343151127650056
5372449572308639741
17618657591967598968
11263794935954258843
40123443471485110
15169107247795677477
10125824195003906987
1907157465396462374
17036333868481980366
9856224013057001288
6721040745851583454
17870359144996936887
16954854286088854604
9067838872279333585
12368928050477435457
16851391049941754335
6819223134302383710
6942280462040096340
4532744564040903594
3510785048909947486
15768073271280139983
6862676103921278312
12261360531931424386
13799783777738702070
2290393703757249616
9791352949760588748
15666945539823556337
2136935661872491862
13519234865747253957
7525975473944704963
13316707530019707893
10282465807838211257
17433651956979405605
11702842997662621134
14557322418138459038
6071696607684980776
7765278226271581416
3526789237358006174
14250285906020355091
12924575778364915646
7546736219804703067
3685698784236998098
7298041724027457725
15139323988663321983
9474766274944967225
10994379963581040928
3624727512404161643
9358089333590003619
6341784219246151092
2320233369164853554
4758748394280048900
13331627347003421081
3181011203123141150
8938718439420557325
16269671241977234611
3682700005101675928
14337329547551993369
15552106875278488026
10720549201202778750
6896377331125248909
11197453064559471134
3340552657093308251
12827984973814371765
6265834854327632902
13485631617147382742
17997475036394634878
15582300590386522651
6556319186866702422
16438623546206381452
371399215069533254
2270313981243884717
5608112326645716436
6192426986025054498
16414512681130704160
1203729148419937549
10131417331224210237
13526847189153297487
18261965187229898882
9193291327870749399
12084798104036584437
16836700367453408231
846957073184092697
8599999396468279522
6399204738539937398
8339600031684069172
1593776889127545802
10313947743850386239
10949708130576760798
6615549704022010241
3955410112193632819
6461362161471874429
2575562434128371176
17857235496676235181
12706072133660763105
15556111417713594915
8986698583842084111
6970240508841053274
7392126375368640943
11471246429417293128
4502902712884826421
16344521395877154547
11434244711610987766
7608763936286188567
8046598890044188161
5826134997297090694
6673318900247578463
14056028814475524219
17586844194552543210
6431732089417581218
8348383588258219998
7531698406670033368
17776696971542179257
9186385068963930941
15423681452546300906
16915935364598137238
4572132504369483527
6828971324961615221
12081057580178283921
420432719107500043
1166148423313106154
4451471798564493477
18363704185564469279
15030975445429353866
5503958834925916063
1589451353967413695
2110926293057662650
14080697431571267764
10751570255666493657
13927575719130045760
6077540027317963865
7547910265125284632
26614334960918123
12358917283358792654
3175845712165663705
8022810988991715759
15383115518135738827
16487565864134260577
16499720518722853489
3670168829084569931
7598472886086926013
9307859076239220762
980116261763270227
5564223158190896548
12297494043315104067
7123860211319845686
18140022148309155850
4401102082232149609
4925237385055714778
12524320016523713814
15263310497060225411
6829690069940195261
13673375064916030098
2259280955962957617
4548675925910163527
7090447485375956700
4458927154345115816
6771139090685266176
6134570651970299634
9093885812763586649
4431871372607457189
2933608797829113823
880317943943613394
5651929025993173018
14092234764662895512
2531505908873138932
3022396396623284621
16250907895021709555
12988223547744707377
2169621881137094849
13240877950503980594
11720603304707641925
5296902065033175697
12627848889491485606
3316784814576231277
13992360434145058088
16234923249413309311
12455031393690886682
1499628791462581246
14403825883315750598
16383327202508869274
12402898518044151699
9744088070846510589
14686678344136441564
5639495316854840654
13605099725422726655
9743189153735086945
13858447773515062540
4264080199871739870
5337127129638507908
13691113951067874963
12738010061528613437
17003372089289336215
15138689580369787301
10166172651268314819
3726617921424149824
1253705386433788004
3976799891705537530
942579345060389704
316146677424752087
13352265255821615416
7507827284573893148
8324001728078006569
18365674402647519642
1113885895245874673
14034121987808865276
10776350362812302433
1980300957708361109
473840474218516118
6325081097419949333
814057584107381444
16686290462523384750
11101186127413406898
16333136332206489749
3606045945747764482
2524400210697791256
12259694746177268628
10201054841298401300
17006260997331824575
17612469821446834655
6865418380526484933
3063073218378035259
8447458356141819036
9783182939881065333
16420369690592485204
4813627252761538442
13149023897698548451
5473769580373575267
9297623334986107304
10570483446130180470
2730380773237362773
9302923964882030187
2171470803879813921
12235848323789983726
5965776479069076660
572992561793619615
2281526112795243654
2729670433759774041
12030329172753243829
14262242535103025591
752822112581111214
14285578135789740388
876721855606540748
9340367148939262214
9347868775214844806
8913652782979588450
10852180438382028721
17831612041786335396
2791569991228312087
7902899641198451230
8828179858327519530
12767212156470799687
13719268525637979814
8026911043705888095
8599874131336663993
6529243456108131672
1688269985615856331
12009484852862384908
16130346415093755995
3137341799089975627
7284297028502489520
11417047957832641855
1989160684241593778
16453432621874566654
991942502233253518
2812720018394440785
15648815240145404163
12823530601313604260
14624549705511952125
6248099571416431584
11171623059702354147
16305839125565357693
12477169407974948975
3139401985032610942
251006027475103851
16536382055164409941
4078863326331941906
127921856304491302
13137680039411716199
16046822965847441312
4636428180760907872
16424074278033194943
15495565056036100104
4376286458629300542
16580357610399161936
4498382813870306123
10170864213505000193
8209961638981480349
17220891630659491585
10284728663632390432
16682454513193689047
6409173155735284792
16389082568110488786
2000822929867155152
13722177136623780435
1127655052120484066
9124026169555319485
11776014689550802771
10155037578419286149
9361922121007247104
12001270779807369149
2650887083975136449
18011402541666505323
10280310276652168036
16999451195110689373
12212640190629032303
15830108569625438874
18230173645423525160
13949727328896537162
16818726383352219279
4569334565993035989
11162096847030227774
18195958806238674000
8315241457872313900
12636139488185341783
11823598134857729014
18353946361218554007
10831877895693751201
12111069055480640172
11297416130447603784
13133338910243545002
14760976393807775646
18319270007097747225
13514281904815373092
10765169976891600630
18398328467183284895
5860360733526995862
17493149342232499965
2755875473681128099
4257998500676717924
12949004142669212100
8994668431154541395
1096767510988428616
1146398199694966562
4710844280827945409
9224330245624107330
2153478543264309683
15753233037053959781
3808398076079361816
2761530782037843941
1693868791265438024
1924925608642999663
17688578474951468947
3021641707136312693
5443145974525539582
9236540104761227668
11109149229031188883
904387999062546504
15345269153639423829
14635945193654231982
13820228114671154422
15678679388548438341
13560761121472089053
17583066140145257254
2890234236164132379
6176082386814446666
6073412121706481200
10717781620791862274
15798795008754056903
4821412262430344297
12949580654599177651
4918485479182062529
2739218069007071008
2147222683013407407
3254938258559473598
1772223435719966831
4421241206572973413
7101008065449365337
2301914523550748446
4734315830462291493
17050825086596912881
17136814471670382947
13343997247937798772
354867442618992657
3787697559781753578
9729685643596456144
171929559029723988
11435677689361036554
8554480675148636969
5189021780973451187
15271583226921219733
1837042848401901077
4671886974185926800
3282471801300883582
8241355077006561870
8107541777717481645
2556762122111985570
2187019649482336215
13689244716112662685
17203177554862141162
10796470618260387767
10494950236277867270
15950466403350600105
15634585342943997535
17057761703726034928
16673105683290742381
10781292004422656186
10081168804815693106
3842354657398529563
15219065892794733799
844055357117132656
3341173361851294505
5445361657508924033
7727262625559253222
16975324789529541126
3851820346836998767
14589217539968123360
7930916488941374805
11849282869981262713
8499349376968870371
13381911220688764362
9665164554360647966
3676740668360417083
13765781389741766537
11007413499648932802
10988114225512688583
16527683214863457635
1741696792042669780
5020286390926805292
3994225769922244242
37894203800712690
12530359058248902331
9349889388695134828
1534083693520858077
3195225433978838440
13600114953891530158
4001633941670157775
17791237982405132640
15170756582526535920
9119384754288585283
17739207958072411561
6878985928085735137
12896508872962424927
12685265322612936903
16339167769267521296
11271312897424554233
18088093599196677295
11782060731380917815
3261322067412642242
14971990539700256218
14096090570846248463
8793754304159354637
13715385920359097718
16784115840505098009
12976029496994444629
2096475482238076839
962010476411744605
15752171691253633053
10148935646410216229
10253130944595254765
13523901101631943070
14698226945464550352
4847843861983553930
11460472857063832020
11111487620938934502
7099254553144749705
11462212039732728756
7348479794126734517
7470480815908598395
1237971436766189928
10148949659656625761
6608025261035841564
11173135404381188984
10640486973595734247
17301181184335916950
10305402792110516027
201640977287797933
16403477036174218874
2765443288585278458
11495049860848686597
14348379109576976775
14886689780343171063
12351288569533294876
15614330774465808226
4459722389675308318
14050027767318333640
17757224965684906638
8583265176320076110
10311371705191182255
11546795309901308552
10559398442973077570
6189832368711084557
17220794342298482933
2555183843292263234
16025296713005794739
8767410290437580936
6398211494262625007
5808979009907749617
9994719800350277907
11343009321628436598
16806829604547311343
14383503167604676680
15441244886765034905
4209728679230482036
8557705110874770069
17243936603705592145
293734575112130153
2125591613805339109
11177234985269651688
8472133533444607929
15441782944103131834
10459295098297922456
12303973380330230724
17540492143807670902
7705763956122143152
4296990919439476764
1709034186243054431
16421829433620229232
14810894764816669710
7641890136918527684
1110551457608092038
3186799094924507461
7103612436469497480
2800671492502522746
13115106903987296005
18333274581078884773
681766260488202951
9355149597251112746
5931773810090634171
16133946296884053478
12384692032846763759
677449532314756891
7359107495579098762
15520349399530009142
5344751640731281445
3443309670594566269
18098126973476949657
16575175697829777728
16560333829753619115
12160077327849426850
2045650160880357625
1366473661704694307
8343618536155116307
3999803721706949550
3620364721838060515
5066653313842799301
14146711644206679679
17286268221524913058
16233857247154105184
15080250984703612170
6545416893807958205
16908180789818244112
12487900069392464923
467218966849865823
17505083580508267082
1119833347378558728
6388723109370629881
13280497838467761534
747468909994993276
18067262130725431517
12467350306407397943
18069152465129265376
17777943540965520507
16821828963747628080
9810168915885698187
6318888037120705263
1677693729102649659
8018066671127606352
2599147228522603735
12192451550429936709
9565966126025298915
10926795123923209389
15789113501833638588
18243331218267908102
14447467506250428789
7785388486348069433
11245748447942253628
12502419340059122929
13645302764761914661
12446292718136107235
4680919041081937534
1041930733405415707
12016811096574937296
14952523629364743545
17760194078016273024
11692901248452548929
2060971035461579047
8597786850180907423
12978500751405002517
3070089897840451747
7204935355843472353
2725240144604830927
13594376858520247810
1995083775388596583
157272756277047152
9077280125494696352
5803995539171697219
9260301481234249769
14242379925081704716
14042359151605836529
9982409214459414692
16147086663642976013
7527858311144886647
16148551202493894614
5475703865244006586
15355184840735662394
14840512807130158444
188559832905716562
16863014423430251131
11480317018000707203
15802454352464552816
11026266975230784477
15428109051877993928
17789359737855409826
13691958171127857124
417912007245463640
5988120389819193856
11546318865547445903
9927883610360073535
17820558195742680676
15588336110442155083
15729105040034137415
2413458594279137562
4529599145509688085
16632295842094670473
8268358115958406950
7531354186512379724
4048360138284936584
16686217265145299702
5442998048614233709
11822758832076158700
11460866087846916324
10078034533827017128
759459458870734869
14051286346049225289
1078658059281718382
9878233695851547688
1895684007905593926
18006670963703490541
9100047393638871171
17014336221543962046
10253287935825811057
16573795562903102719
14478971899536568970
16472017754952420655
14406826915516193078
15699983514085258948
17411809105302326953
18217225632379420885
17030741456901856452
18403775254360395122
16197136329276431304
15357137405215198522
11318349503065954190
4336838768377405200
5039576068891792301
16135585864197294093
9666460865227908774
17200181730967912554
15901778641318248128
12617428313187685692
13321527246022126298
14991774401738704446
12514183667762409609
10785587525501532539
5829271414396303624
12054532915728191533
16656866884973896074
17721065748745189256
2112086426049415155
13199319174503107002
222437124221131627
13616760870014683247
11226638001793025004
2883898135784130097
16098146728966872209
8380125433332349765
10432474473845446074
6454938433493289106
15561600956815221752
2623975697549065173
1031522531007072413
15516086537589543114
12170714551608815112
2207748377958895496
13542005689492104250
5488147049020895495
7039789453192403440
11711486355311006461
3173117742205343958
4609971232492969471
16247020280154351152
4072687056991940902
9700028272753099879
24975018224842474
5009454511478591146
9249925586822781131
1050004032718749395
11635190783250921774
7662236697198814219
11747139856675929210
15956047917197874268
6715372080667173288
6065421734449816207
11296747133272422287
9950858504915892587
13511759315480780402
14954886586149009003
15832513934487779933
8574250580583439477
17816225362180244391
6336283959478347908
15513337887605027658
13878012650742242942
13189687142869499322
7624708675504658418
17373119770725120321
5150240376045881310
4340193339529743403
8341023606772702764
9987334422532712054
7421276584286386249
7933417681556029575
10249759002712894810
2331977025535060614
14516704974063266015
15325804887306019304
17503773968866429492
3607316161425578875
16254586690399274529
17498239073170885893
15118261342338708430
1768053642096583655
8942568454275539125
865597019949316999
3625929889939604604
13083552906175965834
11443452765370639074
8549636386542710292
15443516225540992887
7657124032844672029
3722938029218944996
14212016819065958648
5021333721398611925
8713130480471512836
5135491572346748614
12570560888890869898
9733551758490265688
7720541872524347745
7840054661055420736
11653796423771756621
2145752541256088850
13296159747647475444
947863120944238846
1876473893472353840
12631380500495972131
1998945930215889576
3574084961374248537
17298767068397095224
17734362608243016727
17294286190795317380
17113233768885019860
14427756400209244049
16799065833852993446
797681837108492683
9726387032224482531
6874935668152227975
13448150842051687952
6098928900110583642
10751837192721118879
17493500582051054156
7476741787983324370
6727154475439843301
4004013264574801519
10690887072916543663
6002133864467972883
17242098253648430969
3405766127348076485
6541928683488410591
12703170152958737342
9671445224737996608
13167703818162350552
12680953787318706161
9236078061839840362
13281290137722667718
12954940432879220828
3071066936915125914
3732678759396679384
10497024723515259293
14488817828905556229
2664156118816507605
15515090788302725065
15485305943579256012
13230218157969163313
17569878881817579756
9148099231008707094
14632619905780456810
12618484998634264848
4169027309329953747
2786207786062024962
8995680355793114766
11751845409548577464
14710534566188002216
11556678841305709889
7074830683078979832
10515850614263326632
16294031769219399997
11062891383802212579
5369309978174211175
11645696453703041893
1358114234379975496
12212765166644945062
4813262454628375436
16609256192541264710
3872196076404405667
15230317590718302850
11672248141775834475
16513318585177108614
16987446879479901731
146496958006567569
11096113684055334144
3954385204346990036
3836811330151069432
941561737010497973
13617109800290428722
4820614652933711105
11556985926592737313
1688446722626215854
10945714738359794432
10205754767335833049
5715572114417430210
10670234910895764131
13421922184826836820
4943286134130143208
9607492569106474921
7571966756421525475
876764854353473544
6621212648379648630
14454987084275330401
2116728093573435931
5802619421721949714
17012356744215080948
16806808385535303450
7488019315221754135
3031376382827695992
18157788191238279388
9377562050048518621
5267140804611127423
1231819718207605934
3532809944967833901
16506606126987204856
2846421811778667934
14764228276462056800
7990871282193775844
7514778513373616305
13307854749994826393
1403891266120121202
16439079061672922567
11025065378963190984
7754792907544049735
12495604605587269967
7261735679201006070
13449172081468950
933113906579560251
10471148757942221110
11973624624954013353
5999942399806896627
7572333629396242883
12319794803129256808
12996524761385569119
7600229974845229871
16961200855300990134
11461157959567904829
2907188707418817495
6756214968519881850
3185369829110243695
801609311496086610
5216458190381168456
3374052636952422830
17106639588447504001
16581705835087367732
16809242140064787546
10780798273209526660
14466010993943270931
17293588958240713757
9286770361333662119
14574432324573401513
17979252831716184807
16861207874581113796
11893296008341315442
8723755465929417711
17572486364789369066
6876412955662080891
1366039514836185225
4320030409057141476
7968797497248924647
6786236331373204609
7177859306651308987
11106101102799176555
7261634516440193407
13748959075072606685
6881069337320524477
10307168156253417554
13456392604255489467
12602322254266061249
5962967568617495774
6294861703843743305
12502411441094223679
11687243066600381089
11327533271060792588
14540130444645668379
12941965818775302197
14054786211630557531
14511187197682339332
4325596195019507552
3981503456698009081
1922002999896325947
9068542352406111783
15641896735414207474
8679141224037672784
9611575937405690619
7681605869476587418
15165660663061504625
2196889790811629188
3681001696922214904
399119173910784263
12433307138843006486
5964645964370822434
9898254572127908306
7173915375535011714
11495764268288043141
37914069557840892
6662829306056304631
2739898119429344831
5810345947745307407
6673883517258451439
13856682648184280069
4359563883509486343
11931007341955165418
9418644076429067806
6856436163196324301
15770572540394970689
6399718136253844701
683185443423919447
9967079790776824264
10787310063901680237
8567511242375122361
17980718998606349083
4410288211936919690
6085884950647444247
9979772336836285445
17350171192894064999
17051619843010227033
14193861555804129439
17483027831428431093
10925821375430179624
5178659155275023883
7641156503854042755
14404160462335931934
7269257801151156574
12110023980622122676
8202509947087002701
8883053419359060457
4297274918236404163
211839576431860124
14994782506684093207
1661051491574286984
2403381838562403479
8466631030694536771
11288658458529629315
5821046610161335015
11430480878818129361
16279678504490560629
881230242317133644
15440794376895988460
10302512922750379467
10850928448022120844
9056148282455352591
4039766163308230417
18239200730302035510
3636693826766202040
2577116333466182961
7318574099756912340
5917940009697695618
4098353321694901250
14183580962397924596
10184301369773769252
17772544894269097257
784453668869321024
3573523382294496458
5843045454256470301
15574448617825292781
12071462425348873509
10846836422159023140
8106570374718745753
13741298867534529463
4961875158138029708
12187012084951079915
4240566841212151315
1851242061155739894
2786518155773824626
4706183486320371553
402883763698294072
17833782264778944377
3292754884924845329
1796886134858984855
8735809320580016255
4942501554660976301
2872474455816624315
7470992781270111734
11468780836519429277
11829030853295775484
12095602962623145140
7828478264217718093
3539016369015117175
17630172790159383001
62618491352739732
3953931892035354771
13615445301262217819
8587259974045058857
4588787426088658698
16653125300143550770
12381910296591841807
8324436150924496058
16162828165202545579
17510564275534565497
4471404890439243984
9088222747091647484
16845746637941196441
15252693209972876622
3383857498616332556
2682521976537725838
7628852920688057926
14591742649078116252
1655591736944051820
17465838038139914007
3248339595732650291
10555608733064931866
2386121519519113319
17842946807433695407
6276733058501771689
2370577959221649052
6914484098157414571
4800304268233089694
14963331084466922327
12049941497878268476
11087349342479606664
5353487279500761106
15846478369983051323
13631130979546065822
4165820891698705562
8778904907465339558
1403850231745772660
2081021521507165585
5038610877560823677
90504140726798157
18170421273108928844
16099703052635017709
8755435957986896652
13079564466137232483
11465062400019899880
2439267207918715676
13725162045234437027
8225053337552720229
15099826722077722769
7763324177650020880
2042252717499811022
10842764571799732834
14021081608677562123
3658523558740170390
11229464276293204348
8640356187034732704
11181067495372814861
14804559047656406061
17028784567801852189
2725976691417693551
13138104016958077570
3723545060806757470
2793733948430182724
4628474115095635204
16292135145519657470
9644764034878911625
17402956426906357066
11619976428180821076
4181400573788134343
7209457813801244327
14736818578578512827
16627883799439467879
17504228441887501992
8287200500096577883
7425728534062435504
968396191565162454
1747606030460745030
16033548139637624311
12365232512724432053
3756222742657664612
7089666055195198361
5049110131136917825
7361854244660631734
6365572427715255907
4380727178116731317
985577391030047812
12188155983048987708
9706752143546848367
10773628522175796094
8938470273277577166
10199197896121621190
3149006988168248686
6078099162903542737
9904520476411818375
16114140697319979762
16832116987240519641
1408160492261122324
15097110891657446004
18323811948244032393
289580717532809012
17437044330357414584
18055988785596298909
7194792114223102877
17799071595275699248
13763321675646849849
3071804321687445599
6210491021626759596
6897358441928823033
8268528538980278925
2212209768230579353
16973952022179296809
7110654559553355925
5047786074389671074
3661153074783682980
18009259541921820307
13225922983076273820
14327669715334936433
11607759250992556075
2737006132667225685
5600301369839972344
16558171997279894238
6638759894367955842
11896419802793892669
4524501710964231808
3269307988882687843
6301269064508644172
9039966213051759744
438741729215459249
6768810282550027672
14289959695885319226
12977093300755838197
1238314991234799438
6400506200529556117
3613553990844763381
12093527478426335675
814072901018248338
928934239115716531
1398074355699574274
17621367992651770232
18321972029546752594
504083274872086047
16436679821736568469
14060456806050059877
1945977361500647117
6551622564672745318
1604620582859820520
15006109981048353252
12609604089620491974
6921600421648533347
4720929574207868800
7759280196733513201
17672163362005046311
14362628960396381359
17735582623470781233
15464218606404801167
15959768312158323501
8007863753048688719
9021693812707851884
178963035253463854
10817721552011401038
1326638279204806325
12711235008751635722
15262184350265111361
17058346378067865757
2426775687005329734
6977028527989064078
2894767746136482650
15283779667096905428
18164057384625433108
3553821752990511745
2332712375431157229
1486612985604876412
7534182066963453836
2882916497803385810
2896396458542201100
14218259472044754299
10866944701834828943
13879624326917376550
10917908770403600822
9477085948355701697
17987250981003117490
6762191140880700719
14016548499505460127
10656614755594471030
16021839045239212792
18104837713338852486
12169212883182255872
12011534732786207370
14874046893706120382
8174362508209196457
12851024188490857716
16788167420112151267
17387971078221334234
3461416335093533475
6842029874780099697
17784346582545267895
6183645977130373584
6010064620374041002
3558415548581033057
3271078551974003833
16878320967151019328
3710964373183593029
14744780093766533599
3508130947880121985
6925342550889152104
15748320323291230336
5880416006031033714
647035101988465109
10827578086040550966
6332155581301969063
9354425611305362785
9422827446629119803
6729070030115576966
9161399308931866790
16829547081457465146
7380731234377812586
2056909911766228927
8986463896941770072
6548676550382372068
1956922463761243715
7919982937810520897
6523315432276307906
9328238562085972618
2682042991040671896
15201846475697479338
7412311890059211732
5289476917164912085
2938227314446183034
3341656913057274545
17574645539623500297
2625911202070431576
2523904839926534710
15782621208322934990
11983506367584468824
4763401707048147518
9275498669203480847
2262437457664189418
11865251502590055396
6927677528421926418
5004132103860537319
13502446595385806791
7160410271209716382
12898558569877102321
1723846839699740924
7679659146188092919
15521492021265310580
5704577525804973975
1228866544726178811
5766317756179883082
9566976022749624578
588565305995993020
14024740719715642432
14128472722039667765
11204752832219065585
2856022241065673927
8906727655266865770
14690557473532101673
5786962128488350645
14376554185837386249
10464251567535280081
795897836189391174
17822314038464233675
10859985102653559276
1720902592788519438
804368022990891944
17570736871670631423
16470505205574596419
1209020712171852871
3684537926442273565
1019867065868307736
4930616360288496413
13951767876683016976
14718186253135233463
1900816023979415585
2234391761774762062
6464997270104725145
2060495654155117240
16363554241403301473
3870233856721125894
7122961219456970938
6369826099433736019
17854542785774371621
5605970980327931253
729740783670512176
105737490024597481
6908410629660952037
15839200619120634974
14166796913197523452
4700151706013010206
10756931389977111478
364652338864082905
212020324150670492
10886322293742198010
17874493886578918549
12854745437259180158
16500767759229806276
9975646445889835013
7711137110786358662
7519366031723564389
10151547046756713819
12523923066951750957
12883906483902520694
6250337344288132762
5735644267967335969
446030728670358731
9644458985137284449
17077656044118415598
8302653928753100183
1390169593710523547
14947211024708290678
8572252138325072870
2562861044142111750
17295341224163475434
15579728134588977782
16323861068749408024
15862852784253333825
7826880213618821706
5084377928671421403
14273528292406575467
10840652858267456036
7434364122395032602
3608055514471465056
3542708865210424305
10579733818645831835
12917697689476116224
12789377371934494860
16637662896735583090
3188840511331846281
7189933836094778288
17096590309434071144
11987780889003314187
6133117717287725560
6563148645707832471
10478299437120956604
7473046970904705324
14437340274777774252
10246667867521184350
11212312693451169898
11659290174474559774
2788595421881570430
2950538718844781600
17900748469616059319
13758091049782194399
1852997635067490614
1752598906969930794
1475802511200308409
12994239190806218731
9856036753654959784
3873823291712166942
13743458685470394560
7320419573905967056
5699120556714964790
12443037591478746186
16724782247050154217
17392443345605273798
2028827440745029396
13523175365519292849
12586115259870456658
7957667479570236421
8388495961705433116
17216026793419124531
17690115770420265736
16699290557516981456
16188048451717419616
4860105272024749803
15539113686356029013
13983539977780289009
1351421407100444580
7551096488961122644
657669830444470142
2762170824291473373
1564074508606011949
4333172334263498933
12050120357544759483
16789376192568586335
5511782872782308531
2444848200939603669
10065430131933916435
18255579508152437109
18014561358644616018
9438309148313782480
8116215967394245960
18346385890069255287
11117706122224919816
6158568804504849892
6326033973055695734
9380694224554605880
790003116136861981
6299558224596610165
11982286176746212558
6799280695041601222
18041194598055334413
17949897873789517835
821801040604167058
13109447741994488224
13904036295873160891
6660057706743189517
16852813772144067263
14783005731685916839
16421286343378114793
4623285948803644626
6828525325168133960
13343348673945771238
11304886376281791791
8608540941442893259
6327946251531129180
14059772890050805624
4265572762847924568
12238121958296592042
1996740225662336255
3984159223422697600
1508283933857729959
4495120140558170286
11315475652704773900
2346312383518280448
12620129195489608219
15528116802812732360
7086688214780384195
15196651903626285165
3619289712839807237
1630193238170356293
8080011531263263799
16280868583143759792
4801096208249640655
10144303776839506222
10726506306757422504
12265628868984155943
8973158611906960272
12445338306284794817
13456509815634796893
10800306453747627708
6002776640469457674
3355033758779617358
4867173827027681718
13698005464799033319
6405836387374745143
5485296089708657322
10532020644840222857
7831155222672073562
5170312140516328575
13803914089214914159
10943203360541631220
10876387483433032133
5542853873225820167
18330937833544511527
14017301565575954856
6074924128244266929
13954038854283312799
17141019981555823061
13878410206846402601
16160181160857307422
18327201781380196803
4590197076223629993
864639763015980375
3013898595046592278
2120433502086317780
9221570442056701950
10697708119971155869
1618501313633412200
829927096038927183
4445806862082564750
3533436959697702030
16286469378245142723
4376401605015329800
4810667975801496633
9287025051599001361
16231836998619070718
14825133964479494767
11724772758698834617
2414379177417971361
13768338543901437166
125278096335815067
16514460638956325904
16784023486982365573
11335792473022353069
1255686345887073761
1231176924995419379
11511590845622943242
7112113762557656801
5677538897670611804
13926604366644615116
12332231002909144814
17331297808218906515
7073634737481127991
15805233687610966786
16482579369566379985
12970620350154034782
6533858637291734775
17418570264228839938
4859265609820956560
18350026075361937466
18133728271434902766
10808500659900470929
17993227532638549238
12684632342028249743
6178721666408081131
14273790201020942208
5286203353380646880
6071655770143986188
10261587939344955454
15510479087859048060
7890068382679228170
2749647300017847262
4744301608139391996
409183848892434564
13881329999771459710
894556008745387207
6727987799503860747
14138121666057864364
17770302553540475389
15896768413202547414
1162694501380764898
10880990417147282694
11324366771064897724
5080469224660262016
4696096880620697721
5897041141318067466
9537152645056737346
6292264527536280583
5055851989163288378
17371655004062384845
12348236489400092730
3963121233005954231
7271639703558362429
7662211055061277472
5034972553841775778
1532267228503475180
10994150024661950584
17430943952879241357
10325447947557966247
13114176927830819513
5032020024827670435
12041279983900328620
16436526810053583462
18205960915915678302
2974398817517424518
594962426907075081
6154547591798932168
15296146340457277212
14663619226147590007
403067476751922733
12107231839729479655
2970223430523275520
11228436260150352509
1272318550880198825
11356395605311520525
17333009645190632776
9036849357001061638
8091571400694367398
5343527972134037031
9098139510685372110
1631389636793895533
12150623846945810104
12934022971942983953
6167452382945483572
10101521424349196692
11092517248292796177
10902969422534504117
16050882420265502270
7185051689770139114
3211159392808524360
16999218039444174109
5421202292315398841
3290807317173958278
10252569504378055726
589651610478677278
17573053116015534782
4366851788679067928
3500260981417695676
12493611471741901555
14892097814109269260
18407534797821688807
1875369092036412284
8061243211634641646
6622070969561941926
607137690097977526
12784000821838933191
12214680581809897098
8738469796172446235
12980145622980670768
15915006753151944094
4333650901505226146
13067774426155371648
17464278428460632157
415135689918155532
1138405779946833240
13854524440276238489
6369107782236449550
16057827898056245864
17940257490967550994
13839075180821874328
15889385536240405515
15943347796991528664
6638530241091653967
4931343806025366138
4577284057890134852
13860374019300007834
7765456923242949746
7521678550723311128
1833768031740785733
5092182650592556553
11752212879945020322
776122762043806021
8956298144029709543
8422449639997829208
13541964570324711982
16876629381043533209
13478210350342223656
1237833590031292382
17902058414662775739
4851841617632515989
3989964314763482540
14272556747851019948
503333806533515159
9237945664061594618
18197149774014604103
920686565488247503
7084627660546860117
17451480015052354080
5964199713946600200
13613186958688034120
8436679223350069457
428470889122947236
13546288523070002560
1026079786155469305
7983294959438478364
16442923430911012894
11639116532108955679
3809797923601820443
14544329447539112561
13093116542770366073
10955986158602673644
16442994124997381181
2474764240099398321
10489065826611033931
18223228012320781750
16503417787319576016
13963752529375554969
10067268623931797751
13367910553588370135
10913789226070281179
6114612191118577846
10045176644891035893
17780132861607838267
6925748146741817781
5722968506478904806
6174845722665564899
12006069002145838922
7800286542250123056
16975445082472409214
8544571831162859059
15136390418511820664
16921085178898155407
6327271242969293685
16776301788176703224
15621926991018232807
8761827046285325310
16441883757508872352
18092568744442241397
8823959759853967621
17725673423563334715
16852732181612378730
12688502512542025599
15032229939380831393
7984153974044282960
7232704391172589275
5111417804720894622
13456311412260176836
11272611106429669146
18354332232046291365
2073542779292952440
5691822587198774005
10392417592015300543
13987098343564065168
16946024042025199228
11584532177631046951
5791681293308965993
1074205848954270335
7479952393426482892
12253678491127713267
5184591975420763043
1721855302115367877
17642968379461137940
17713356883637037060
12495643633152709620
8973100830549470975
3883661637167223114
1756902674369811500
11020851516766972212
12939542173729759700
12028114538621880196
277304583839356891
2895192141446243649
9518771611697741818
2537396875775358272
2683586690544793508
3621398043727062679
10327521294590870070
15893880065188763298
11262322776135668347
10203709161961366898
15406337992726209516
14667481342627625205
2209324463113280561
17745671554125573128
10471364964523629072
110939301508248632
2479461492174376855
4160694831968441579
1318555240079584238
14599164950551303783
17486763405532081256
7194443092432369222
6887874594979321024
6244011916113650691
8494572862830105808
13891085057919025644
2214930125922286218
9496263536414078326
15650250470619707773
7229032782565144153
14031855218076013313
147938469559510895
1801347050843451381
848514649499760670
17871168961003272081
7261555246899932854
3532850517265070507
16842192602070912372
17341624170663281676
8777714457086381114
13488885952057288792
13193111552562552138
15260863057816851015
7022675126014083982
9185258986950588776
10428804064786474742
10993135401954423626
43844576677232651
12760903082119195795
4336473935944314692
8806856521843113239
4803830193086026895
12750570816466058197
16399380060333604873
14675663829262136713
948909565752047959
15812148427859229427
5076996567483606109
11489885807212541964
6087993208509770470
12444093555890094286
11992628459149283027
6025512468079479014
9629055148035450750
9324301196697041749
15951473495364012019
13451742532036992490
4091711905335803162
10094527996116642833
8827323342687845353
1341513462221563883
143022174336718904
693693074825434964
1731693402255371303
91190058406875026
16004465097758299558
2778603198088887359
12847733969287951756
14214556441746674623
15845571314419410336
8117551022703346141
12218560318234936707
10238329824898400923
9179427180808155446
4192245199691414015
9904771194875309600
1903764758407636914
1261429736542488145
5467817656474955317
2403466134809995557
8994723057252658688
10041948714673603248
14525458209738583045
3660581473235965375
9725917955963242498
86590715262785966
6944171055557816690
13292936495069727990
18336044351964850867
10825741172826266293
16798027616634105974
17696525230794540500
12906179996093881935
7336706880196752362
15565592080800496024
14362504569065613280
5822884585275334478
16887895405536917070
1437137959031122275
9799276406677103249
14953442076304738514
5198313775545203006
10130470197150807397
5444396872709281214
5045391032495663902
11368009212664652024
122309563792503730
14257646281779980423
18152266643625795770
6193468855629354333
18036789601105523256
11878939696053728744
8984247208538319224
18107623267794260358
11334767186248181665
9680849267832339218
14955656918931429576
5816394752226400309
2153476647325134810
2972062570198816058
3194194777207639681
10687158086660790702
6940622772887205077
3089246912219165259
13718487759629566241
10802023115206234949
18388145127324590682
13789434404563251999
16620276508781019194
9618273375815040884
18371595060821051444
472157170287462014
5500119462819105006
7791569002377257823
7677769925193013872
3268318662181403858
10662153827207240600
12559631089741033036
7987029043511662620
14115168355834772714
10615166886495890385
15070934624450195304
17964840955052117601
8310176186140947281
17470980834582649011
9454714878647491113
3616787723179574581
2052629021682169177
13329814809020753517
14511225544485107780
13200856461201152642
5784934583528716520
18233861335118981669
17814945848042197963
7410168575199020001
6551667412379561731
8459265058623011354
3131821694644429838
727406003464795766
14210812049139064040
3674361743587274668
18022883529019189906
12892651437109510732
15760011549915919959
5373099145212008069
10095250973741342940
1704933793807097231
17607554501730182014
1106770019916157239
16805252777341655909
3146308913308418652
15646621709170245809
5514508707240005028
10352602017174848529
7009586907215702607
2376318698504385454
11953555350278734991
15769159417911357834
2872291220007876786
894845010660779510
2854836899049104755
981475259407459044
794780857171254283
6247013782340890661
7336282298601208245
17203814655560531485
18013947242597640180
6304179282433241614
5513513630955514464
12710625263019286464
17893960259703539274
17635393389019047017
6579117389010750420
14930178276396425494
11141508370905168576
3257910780268824886
3714617108479827390
1668552430176830053
3689282819118616046
9113060927086367633
6665044551226643236
10642315936507380784
11481536354961996882
11349483712654311495
5648322039701758997
10377056467088352548
13786192985690399499
12501638185731279370
12586097875314532490
17826051453656495564
9306236354106942816
