12828711181246812170
6295082801960297080
3020228117475280039
6037957840556049404
10740702251911802874
8763759390368602458
8757605362084183889
11270281600872696176
6504521141511660825
1930376327759907740
967840255365334427
11353195356350483510
15509300734026706633
6047263891373368002
442326041790429424
4089678463723871470
51331083865793903
10677859183828317731
3965189934791480770
17637561823611571571
7973483585494388319
2484117804561162743
17551760930233870235
9241668004998970644
7522909860567226346
12963685283148493544
9886469890085093902
14643434602356069273
11685198807986160043
5281188438463765549
3724174679224828958
13887179237416544905
13026073586897473457
4316636718622427823
11582182908935440389
15150281938952159715
6692012767424835954
15321984240373845448
7993291308150144836
7136817471051436931
1954677044535412955
9633698217925630128
1564987971675930753
4151032967231053278
7774317488222106825
11003208172216140023
7848773989856950683
801319442730914918
14041865910292466211
9268597477289391930
6812976086745485790
11774596858825588759
7475117075392066912
1355988529669550763
17807916812893307505
1391895744782595817
8996777039257632548
15908360713224517374
6453180948558643537
11836459635521121947
9702146595002595216
8670037964422938960
14695730009651231701
12683978201973593828
10723154988604064705
15013683150762533596
17437829488059561792
14220535978842781636
11506769549421205575
16103430060959156805
18263728986808930154
11217256434678450522
16114586450752348638
13321921565723992287
13120129129175197642
17712255707477562090
6639740598848357365
4786261225157910690
13963997550635350129
2846837550778090408
7695165544124024543
11705545616944417151
2675351362867214587
733476395321380322
5645381870056094150
