17898994803291283109
5382747044301790986
6076305625745028616
10814698932341281232
16185474655338157181
13452977824597194573
12462832557693101431
5085398617385878616
1800472637692650880
13161212140732770182
1077829592325626247
10444693923529311060
2638109802397762871
14113211873147667164
12954049541873622198
9112756316294715291
10929728325567735890
10799464326862547951
2274178935306244756
14531352008492164421
4084430230880518826
2561785996263201787
6284323944378892551
2982271529236596925
15650640212322633883
11091622158059245320
14504190888819367916
256055466031891273
2455591339234098244
14990918916700884338
5256916736221421010
