9284809739457548794
6741547492596574453
10204247798498512724
1847076998472962763
16455888651243090281
4171841995393564706
15638557085642789909
13893286255092311859
16611833251558554853
13933936803266114366
11934092521973807500
700886772747394324
17137991874837637189
10865335873391995653
2940739986893571170
17175275983315188226
4194846387916440019
13531609902674876315
857428190086654196
6405180229641959155
2852505485909851878
18232185378886469162
8750752164840808830
8203801958573241539
14813120766409022019
15611333727410335103
7409153601985497619
7266191165048698195
18178412154646012262
4287663558190826125
1807851810822321981
6239310383676024238
370456355474284493
6595585769164778191
3265289810360521775
15143648192129287286
13675349354175681337
12064832676966613987
11931677459172020032
10878018059318297507
11170294865995342935
1536667631871993907
3517373208293900241
18154448541943425681
6340455934248289096
12317993528028712338
13235644791209068427
7404958759907138443
11473606832812421659
10211186471127950029
1650401564323563077
1434166983617362299
7792332615910525743
