1707728003746695797
3332899819419901479
1912677589740644248
11707817639941601232
9721295841178168919
885679373134104925
5680418585612253422
1964545984034791128
14345397990450811681
4465814274406576568
10707728222333329249
5281338771129986172
1857360960640915832
10293583628499399505
4806581151002272137
16330332975172157561
5889205774964194216
12651651475848987958
6134968541830577764
7435750359670822215
8234247300998278718
11556812613995748574
5610293389856612591
6899177719671419505
7764555556430659421
6159912143300890382
7554308585314403429
3588168676622629869
11519624469382441502
17359997763448700073
16475718811602735973
10493041129748862526
12743249420989448857
14945824506575714151
4526973366012851898
5456570818016189981
15247966390776924248
7016813035225081657
16632133051663800125
16740926637475847177
10391897513232774569
10290453846856833995
13970595466047794341
9777951035309938732
