2197764378518380366
16148830768788433610
15052476341650293506
5930007956187663227
4587344563199115079
293727745977742820
11547034584398621649
14085229699711883069
11805965583919840633
11305873453776402973
6982151825065768902
11639902782123397427
8746266123156641382
12740720217246626792
9151183155265342853
13588209226137292549
14678587597700725833
13711656454237744739
2652949942457253523
6543398268218636790
13333240895504524359
16992094951563611220
9060261363747669334
11120872230160250010
680662471185528687
2069397482465481408
3912147922999868229
6707463370254129822
5410651976168337513
5059508706883478870
14588119176978877730
8325172087819751502
1082304543758163320
6386620479795474624
14621451144434203064
14149000801773183039
5806906506266693137
9619914557342981591
8031119874903579328
6534190843937779957
3482635091533615743
10788479765766315177
8505315714151294465
7146835873267837229
5821389498789410924
10022956169995483090
8406832363562104869
6076148719459143599
5819365632675639804
6836417486777837899
5426943476290885515
4551658700620968598
3168573320630969104
12914898557852928330
10108630412087326123
17306633251202088282
987892291431087402
9386049632171765260
1109880277711847017
1682559426321989620
14431309569988851268
6776215691401640713
14346827060204269959
1242069465420278951
16644215130966061301
9553259794096999324
17498587696849807208
14301766328507777571
3344042366176938428
18329522662770504370
202724269694224539
5279632196141729850
15134556251406889148
4036801640832736577
14361741350913097961
3827238849668423269
17429712830643732847
14154193081272428478
11390990129534461922
9915251595395639198
1256031584476059387
16385204102023639337
13148114291044621706
7292268358355546479
17166255566314769925
13609143011376293864
12946138337811757713
2602360453599852173
5538035955836561253
11667081136643912437
15581197592091812404
14027686013905095376
6210726691745230452
15435356506894979583
2844967139010022019
5832018693472810496
4467680520933960661
17037396841181153592
12696429930334692159
757993899410492065
13270428512163081973
4363614769393302190
17867656866381265316
16286202624014107509
15967144196745953214
15746975175219270790
15109405917132283518
17630496555051340320
11442653582914475626
185997871164384651
6138311447979412406
10281616955966455694
688777273307339918
2382720111427901701
8621609280161133863
13637882127005463023
8741613993515096360
14183271164174115222
7411123753692987845
3109014333689569930
17408126352713809146
13957401067035487018
16641916380617895613
17578640048256254891
16274373201366997732
7565412426120545828
2479163229485783469
1945176630598476
13549174267541660979
1167864355624931065
6342461125309199831
2753851820354249440
5970482778133466595
7646606732001599800
2224383544592080505
5007458112246413155
12256728649502883171
9466413001542348438
14761696641479857506
15767194128220255536
16151963464060633563
15043312701808732060
11989089420943941215
6493117508198760352
652370215400695458
5067354395503266742
17175783065452041274
15923008721905539112
15228824635349846680
17880671921381796594
7666871200878072167
12234509979890105687
15852972899080645087
13547918625627000389
11625100546570203923
1934115044488172260
13336217184653799864
10964003511764791521
1624070562478981287
11182792718722205288
14096084857952091966
6649479006191815542
6016137150800375837
713608050062649572
16473591655600460595
5390051320553929913
5075470705275127144
4633102345563118909
4790189032110281941
4129915614057372515
15418528693374084326
14491118240591947611
11270811438775705809
418879093151833543
832562035983501393
3082545253143252383
1797912772449681045
2387433621038664755
8905050565037525908
8517633677642390194
7962994527285123058
14283602353995920880
252817125746181305
6004649488176176110
169108886704454656
5706413057279359779
1341608845817529470
17252124009954764115
11784167347374217993
10388725844470490524
8688332474400442082
10949176930042590618
9511664850266266596
11165280930317937225
16618347313100348983
3912079326975572097
17230443934238731284
6579070720955484929
17924156360376103470
9818120446797154581
375767452034841832
1101397309979995506
16785132866982975564
18240042926687538777
2514403571683887252
3642297931469484011
9287838027234783342
7307250653967376606
5678407999714431749
695755397584643391
6488474937232352893
11625793603117528776
18327183987057847887
11785084397807292991
15682661105018150607
17233783640278954413
11712714740661548918
16597381921266759131
5390420465198361433
