3351758668436588879
7361410709889713778
10598058090556965607
11088763913666972950
6428560691776411113
1925277653916758354
18321398734221466924
14140671410094319016
7485123321690347362
11878941905702341624
5122257505639433738
3379677363254020658
15476953893930121260
5361812404764945511
14654383314886318059
511901617158469043
6691059882600628645
4411063177976151448
7472793084480207047
14089491100512619139
478473360086678961
1068480674162978163
8978398887093415701
5292504052821693906
7774696961846129947
17100018956970929364
3107882112238723825
16265705150856103205
13669128567354975995
11065068160363511561
10272269272341669647
5553525071186749341
16380249949312831709
6540006986913997686
8965731361526591205
5335283123891111216
10159604725160420737
10056840305216933749
15781092920496774235
18043367547563041245
13745757288672305286
6515804271319182430
14065641885179108796
6788917871606394584
18405029234159200202
2569574550059233424
9999429495626433422
10131700427107657318
7924495823019202913
13743141043374656261
17892283697943888899
1067610418307823527
4457931314907459898
16284493024573540694
17374825196594272967
10825232582428444247
13918073296949674350
17509783264009293368
8638506277122339867
17337465565070338450
5815712145391999001
7917996068956906414
7512473579707497700
245153131639871013
9681339786781858226
3686958045702968658
18339404857631397503
14096090609023401579
3295957291447725388
12500722067868797139
1696561276808638244
2180260795062879471
8571753113950948596
3687220861463380223
1713813965519254884
15781751564101398055
4041729139630402897
15536510217781965511
12700274243683991389
5313001101406718825
4243875351001101986
17630012007188176570
2581043980556111016
7292334543865899792
12816791931357843543
2448819502777219478
7125848684399011174
13396290095191558709
8278002821940001400
6744851929395702182
16774142113428851837
17472331935383975954
13879660567644739918
12207302405918123729
1002865158696945889
9379353055400761467
1512071946773219953
5552998416933815367
13778705709807989733
14214218786721989769
16455030522221097736
1415467449458645734
4504407193374169575
13109104940305096487
232285811578164455
12307595359764033842
9402314310042689908
2005030006844495947
1794870003765244574
5945401422444295206
3642292557029970848
2999709773377788087
7870061563336473279
5253932732342107132
11088604053341051709
12392475627528657328
8198649337129892220
3448970157531774120
13034760747197557070
3440574521039040495
17673014249285103290
3263820164071749001
3430443883683712022
12219306301954225739
8714215004197012825
13956621627159328069
7307009017932346813
7156708212347281329
6070290623561120849
14436510445779288756
12839829829555035785
17820447166241107081
17972686044785261125
16423200106584281492
1496356490802207083
4079835528698858149
17083288936926049866
11247909971474039166
12910298662429082051
17023369134194530868
17385854127906852495
15976052228927248345
7625798223931100162
14530338287172136137
11327993775354442695
16181986824730828904
6263380909944465850
3829997869095686643
1730897615559508284
7015641470613064143
4062823729165277923
13873240803745784644
16646590428178141412
13000092409252723210
8188255494462403889
3724013572421761476
16390452644364157982
11033481995046063461
4460507264331175941
9622933534384760222
13134330763907534989
10541392467954143999
15179677212554163209
11947492133357075046
1860852068337946187
14757290822683153523
4043227088213856958
15157163840763674173
9925140053313669481
8265969695955617484
102070540179787049
16192041608372317893
9253092149994966534
6731022920133454870
7189829405038694916
18377819184536470673
4110608664394052141
15357070968931962684
10268712440696818015
10831228139956906609
17913535253111143395
7793440561442909694
14595655959352771504
10678480215937718845
7923523643381098637
17556249183261979135
4479731206045039950
10003210246459406515
5689873022569296909
16753571756355872048
10293004980657401445
16848516221205065882
13473551734672473180
9636748572396983702
16485421501149118860
13080187194252842233
7999867867371405607
8840958003048695978
7721624993961610713
16863817007949341650
10620367634699537124
8258012861909449174
2798057856644084084
7138424427881681662
4385665059195148864
535146097447928879
3673885617693633486
18086084633149402522
13165381744154669065
9836466326839945145
12029127214213325672
16918387530534907862
12110250469675512511
15441507090198635223
17927370747615910356
5528091253511242050
15083495440634549201
636931407280566993
3830872588211987566
1872149362228551919
5096394335489780762
11720542471440239407
5830029881577556085
14943431799938757209
406823327623831918
18170071876058294492
14110028595627134721
983957338971294549
12462211805427758105
16190801661085352033
14790458807307598301
1245631230255433827
15240783178307771712
5960922410831098223
2398345044161015898
16459631191606052556
10806121286683839733
1876664358148647247
17509949990086991105
3975340083898939278
15328023327123236777
17480834926627960839
11506572389901037548
2079008994833457518
9254727592282138589
6565313515108270700
13776890478142866919
136575536739883797
10242116272952315399
8531471579555670547
17678564761748669671
5721985118200046568
8712401259619920703
8752155258276057791
16220972124937281204
17061560807473149491
12114619064917468664
4080678847320824753
1383603952275072307
14287434104457023061
11388855572621889661
15103316679064454344
15239063465074577891
15362889657965562992
8563815710057424570
10547533985448219020
12983070960004269877
6295542920618527892
9111047110625113237
16004261916089329108
13690120453126677654
17080372414788290210
7546106953515007820
16624749851651236780
15259772713345858490
2036502517244272027
6029881703972365883
8644092554218699168
2736826375105117181
18291714738810096829
17329542481493751058
12617921225454311145
12134487359400539805
10915450480517002944
17918105996764627785
7901050709138303380
17718624098191005688
5497421246651540047
15685529817191303348
7850007763332520518
10588587403518775544
11565559760053663971
768507972250601390
1208833054284148384
8508969444381070971
1282021408389713433
4336404717812739833
9450623312312028621
7728949717819325393
8025312126169282953
11108251293885638953
15760506022492397702
8703614556709090086
8863518760604187067
17323540517820037157
4199444039247383253
9234894817519119287
2044086544827881294
10865835660318778333
6614829586068646863
13657069268097133655
8595065955782703527
2156554381561087486
16206901584247893468
3657082684624835120
7713765890539343422
507118328216672300
17218210016779914491
2905139637831203032
7994060259693991721
4812026721550278733
1959708721742374822
729159842340708212
16230419047891734640
15352498429668971212
10353268799873633167
17521649032325313503
13534198898431724870
11293002880973631983
4020675838668796933
1939760654213823778
4899762988453375019
5237189092463340865
5090365944855721078
4737832335128395201
9793573841876122543
17830699696667986146
6652360097081592479
15834693473188982802
10870037579168860679
11132157571768219621
17680834962833331220
5031648580615171559
17982338026234170516
17961611844748033667
5401545896694401334
13815559470605374791
17570710330529174520
15084658605932371177
15327172197660294712
1427427157947980480
12680251227696682853
17191532715294396210
13295521898476610493
10092524101780516737
1923275370653694383
3768056919669620779
18318190772890082768
3468343756476153662
16869599068808763495
1397778331865535676
13295813589846285335
4634196769719670589
5884616841867160373
13199487810379864682
7932937327366878635
3540372952138287327
10682979022755056889
5026288307872576254
4595326679177493576
4570431085988146150
642846023772700176
6088170588389473882
2230253456677336648
12212572274920329407
12290913376771909191
14697288408242874544
15984254140147246056
16913652528351627472
12691923498412648065
11519827309712512340
10909182349711918325
18079435909276212165
8401641960053612763
6104011338504670711
10594036556938410347
9450970918503837413
6948674741867864494
12585674139711837435
3157240778096940478
12086863940912431180
12963269184182242643
10945895258255416885
7067490754246868299
12798261194109339542
3582328887885506141
9007887666430108066
6175003654236847801
13360323651307680478
16648056631572548148
7161943809689091518
659539413116353269
2894996819052984885
5095932889054451335
12183198852609717410
18438764792427307593
17197883307432549186
10812031163861580892
10339753500914853728
11901113628593295701
17245767077105711614
13619097164356296225
6365053299939132638
15279305583027688272
12745598651281428663
285529997296438342
5735656908002138121
3190233989465731073
13087809531705216220
8786302818839329229
11795856616753727816
4668927514864739113
10209503001883479031
2198053037098036086
14499101896013040210
9966877031094287716
6490769112361131899
8901489079059671815
3690078096967704037
16973104346528976391
11091966165052294339
11261922819947872906
4310503766173694081
17356441497715632802
3170196993971388781
2980044150686351212
6522206084154791214
5122752765258053394
2911985760308211824
5740706044300794933
13949580879625279124
6650148379093758411
3758002719277939917
7533603440040655760
11367066477567322621
16198361364319598997
10072254943777079832
12191221837466795627
17526451283671240186
4744961989394092052
9659477193086395256
15504002358077748240
15224076654000028284
7766186657993981833
5505012195583149905
4160298206744035300
15278070039809180197
1497836148986651495
8271432995405252985
4115354791890187966
15435006126291010122
18027255373468168902
17951921974814302389
11326108026789938222
4810854464703237369
11881240973224032514
3390912478737395141
14403611597598640314
4773101001768043321
8555127529945126752
14725316760338490900
18342982703904756877
15038676318625186465
18444717592665066499
2548117013184740999
7036153194785096763
5735432948949681771
12462779383118289310
10608598118461491908
9601752276063792428
13241005702860877281
9087228450563850370
14980011099800040413
3104553142589735692
13395338071920166198
8274738235329342798
7518757117015512511
11130816647427002776
2171572963142060256
13509524710383883525
13286653700413093085
10364646691586824599
7495700595108786077
15729174475897895763
1523241569588088083
7584710587723169854
8116123764615645964
12550364014620953096
12090697977132793524
9325072158118530800
17826721074057666473
8878210537679704467
13094220335163071327
3759165999115822984
12975448234377094901
17857581467545052603
5046642672877659847
7457735478658418465
10358037756026100821
6618615654545414143
17729205616819987723
16246558944196071501
12516079646040152437
16988962858977532530
12680608077905821804
5160586893232143043
2945463885805989151
4471868300936824680
4801131243190728275
7629836039972038108
4271870757656487906
16668111944102653767
13490291895210385951
12099026418720647053
17601418995891104730
13866912907531667624
4739055380013611074
31920738825197530
2253940649915908655
14089794016927413817
16224829400718791587
15300198309659362253
5342145676899392869
13392639958451811614
5322961763215329750
18342116015141745118
5010398934173708418
16065045400554531328
10370494270541504038
6480441193544613413
11352782055451937012
10278921458272309075
2775772108600588625
8271611775700337754
5863227738520417800
17587323873352746691
13910893865970456525
15843055366484340150
1892218585414417846
14275256710772658272
10837845384199280220
15530082139962471614
13705170499962184887
16010213998194019200
1138784951361135084
15964604403739899331
9121006127388898503
4809232605064846662
14592767329509099755
17153998667635666712
12113873542335530585
13679046308270662420
4644220016404774743
17308286782734748393
11691640551325110282
16290807271070664079
4920533908986934667
8071925560783636053
9652463843684256207
714297397197028576
11630342696746902912
16398386311942025073
10382026496837234398
10409081272589507545
9655672707426592544
1552220730963755752
11838179747264204084
17245596589492585888
8964975379608069512
17470273521877959691
17079527883552794821
14693019569729738828
17724211656429991330
4830278216529277246
6958736885905421858
3630939813350468937
7099729275151458987
9804343071988723271
18237572857272236792
15012096953133333826
17259484613331226311
12292830174032006478
6611636633330091228
17300472593239049631
16246385911490798215
6904555059908498416
13552419632055604128
5717738141903525358
18412502986466772409
11143987362489345657
15101473687342689710
15176086851531847587
15149548448914643415
7190328666178859547
13694931564378786791
12349349387056056682
15627747129792247084
15605212894334421384
10761561733342103720
14656244809698267339
5348480887776939589
15634381420380476981
6886220775223189079
2363559228832388795
12404914719975030833
18227305103154954082
11221138352375463150
5311713242364909880
9409759076171730357
8265786484325504148
15888466019259208830
11361043796502228280
9292105769602719642
15779247371244473637
12096461779846851955
16212582904924931811
13487145408166111600
3971440597442933345
826110237205003268
13893887060579258136
2724398053754487411
8196077538158790258
6689217157548367007
15943779385935888524
1415380289710819617
4081809958026615107
2402285696502205163
9430653284724919060
4451734142011446613
12716590091870537490
8498555050131631900
10026694626359698783
13942223960987017171
12770424061822110969
13507510816625083834
932949930668641527
14440512978330025757
17839171536360285632
6118190454914997426
7783957825294304269
15400649556796037662
1787127936058599719
5018697621015666285
5054072821353932817
11820736122603404530
12289196266668352235
11195332016832967883
11013908205720610371
5365720655793185466
15638699887833578964
7056239660421236736
2065806606367911007
14348464630329691624
4853765023812614917
1664894039883957400
14609375235661738589
9227975646350940180
11112628377458467897
8697975461117197247
1952017732361268881
15311081384073788137
4365223978368496933
2277215689107968375
10471675835043748080
14927935443099085970
16709586083966021588
10021546148394754768
9867177745221323185
14409778819286452910
7736038077935493654
11300128316389875375
14354574309256074459
5145212525709854832
16615349841479740864
18072361744592615255
11304706650376418972
16391942603466020567
15300128380742236097
6737631033898098398
15085490468121013229
7489292656395289503
2719734486953703611
3354923396606208666
10855581062208796960
6845083577509432555
8312906712316557178
16279602474594552298
10251155413752776192
17072537385114592094
16114095946457920056
13182667727313627277
7637088103312908155
663458758114394407
11218829868311061236
3345759919507801218
1763346632671536247
9819983604283141140
2770990365600260967
10924449086877751602
9254816850171923515
3986675489773372367
8529205753423499799
8388210089493616055
15236786989071533527
14499735125932515999
13985021986572176171
8422777542769506076
13487492218127677279
8386298346110832943
8997537649017030502
2039451314664118142
12668685128837558964
7765892413886103918
3458225201834041173
17596110144591842656
2369529631566245457
18250875010566783482
11957419140004926291
12410318373933289288
3288051186108003523
11598795264948815777
2409388747317096173
2912019128280125986
15611502949343267331
6023548977213853708
4160383751638747990
15273826217325776528
2113728964999717452
15868929778727262415
5057770000328977568
744066289476099394
10642178056018075908
13485521507435927113
17869991370879981325
8351772160237860759
9150552367925048284
14559277437236992322
14961065754135687608
13815825807007443496
3048606225752246458
6186366404034330423
13518704307124037008
11835941359917592609
5349305835456415030
16117585656190557877
10270537963617711656
5769067712724479804
9949055795493780298
8456451054194275969
9392580679969232852
1935148750082013672
9340256145877115254
16292844003015923706
13424985657704193700
12713258379733018841
17325551426982709473
17152874502976702067
2162245012731247380
8401049239832777796
15348171909363875456
17845111890263626778
2541372812755362078
524731781358443731
6177580224468206868
5195908262315386156
13266412524522082208
184879486025006701
1580370371662778420
14524009480653995798
7028814880113919320
3170496543613975704
12142882266707423081
9564553620455861379
17786439978845269275
3522636253191065967
1581329051035949481
10971742057082452833
10295775401508351935
9005278692260507088
12156125715369419999
11535801826530188807
15227932138298124276
786920040459187953
9435227595510414211
9724593134402449542
13711372092976203122
1627500519525390648
110280810555000695
16955569726082449266
5808075593287569181
6235217072732663171
11610087841907794566
13549528503448575858
3309179736554098387
17121132032952515787
9505523667785301209
9427084085358718458
5692365381332634978
5955229800560486957
1698320302352685897
2561490156399874515
10038359920996903858
14438472426222369961
8414513825467636352
5952538629850352300
3642852859098626450
12796253944808633544
4071682515055352987
10023187298246364372
