4477867254043354510
16215246656735450971
1300270237437422927
1312635051748264550
8125318247801409421
244114887092503428
8588598331257594872
6891513402752594173
14839850861670915911
7678636424016366902
17301187154531911941
11178586177143154384
6043081649967084848
13878341012438455630
14103184606048077974
202548529028834944
18127893646424200562
12975055959167972745
512861827045929276
8376678484011414304
5560347405561833255
2650655813849512631
5016311777929438901
14422443932055391180
2588349656117375219
2003552388955329820
11105850442012041602
1520192430472975520
5841187810714512719
14099169543611110115
12003106919087265939
18189928627826031777
3648781981330497123
15129608237958332281
12916386942608994727
6113391698195081210
16155050010501585551
18091244548646153343
7438430587121499595
17717765320832672524
14258459504317746041
11963668305488597077
15854234110451736827
17865834861583636395
16747720336389953047
4964236423521625105
9108005204575796068
17221532980013449238
10512549315408391308
9369913034434303015
18288994395701243058
14970756307478714514
6641309389297886085
13621767003581338094
13808744260389278561
9573295752936411168
7800096830801495876
2359870958020221837
16389511173991684347
17631810495798797300
4944195911571598915
9010897487371429007
14570111938215934642
4206376879540655893
3915893772290869873
6643323678166138676
9076767356509858819
10517517395164962999
11144582589737648911
13440336038460471363
13243067185361591182
9190468366951958520
9531165882977860882
11342729725273201225
3215725392895540038
843703443690272108
3967287510609155328
10515459409721158412
10793856268786132055
2272590232799747801
12056705857605687312
2982403569626763738
16191141514860191755
17692961990858604892
13376688435927795129
10359073443893826584
17003076365230753255
16661586955385855926
13971911682279172045
11457143428244390330
666713101125128411
2555996632802939194
2872177629221348330
6013509452518496306
