1739150640708486387
10034061694181770066
15848452537899025865
6423440857461689396
15114880137714876372
1745454443823982148
15605446497793182691
18287927722108432981
6323825678249632932
1868859780490549808
10915044646703976692
14583771570509905782
15749655855553261695
15804294027643959592
1835454774363156160
18367685210102257595
3839079789028142256
4777557984827275590
16524207491128370592
4384955854126413381
7842270441298218398
9085459887606082139
11496878436150095179
2164483984083990943
3350246846518999188
672768709989861228
13185953305900238300
17848895202508246603
10196163411430670543
13836426994182197870
5792453212717271269
12839645263517792389
11940222198820644656
18157925303446189169
1805142270176093408
13217863254727818274
9020300124902185562
4435779426692669638
14664310201292780783
8857300085875222355
12563268927616265970
14712911471286885219
3977697089700418064
16141159438530094166
5544334262886063312
13641324451490464024
3447905756560582600
7661350559678361247
16980584530698758605
11765663839283941234
10624842561254313800
8288918977671519061
12194218984559028806
10692320891037736266
2985105225036033078
11858470268788661366
2159538723248729143
1347636751934386289
16191385635077093370
11432509189238592768
1551154126001810213
17134532439929239173
7389441301450209196
12625972009267321660
17206348873891286355
7749381767600903511
16552285889278065610
1709464534192865803
10645240106886403049
4535530895209821238
14781290355293255441
14339810723071269929
4715544083183370419
