11397779090516429857
14898887986509150416
15304372732404133799
633213046918773493
15240813860331251234
6614204715123588458
10418743179254023731
16171478339044581571
17122745813789246812
886077205401599944
13511684858021805166
8798080970783003236
13129278826028314260
4963445270838932637
7902547419750364212
14320111667121498789
16460208135385599342
175281653526464208
9832679821306531602
4002773120509191007
2337965333328588585
11617040062045826754
17784371372684175106
7749301328640320650
9644883642827650062
8217295560879284206
187260725068609336
8805668845686924276
5049691663131368442
2502179043754123892
10188138627248457578
17517839906529142082
3234757227088667920
12107901544729396980
4974855944320863068
16038685121957212314
7370715386187403711
6008374554828472419
489908598700499620
5656315424837353
13286420954214256218
15877953919150315673
5806602722020916738
9949077326500621328
17457923650923967032
17795771041438779341
15927189016912762742
6665976056252540690
17138528681170807483
6644433501773887585
2321555603012550915
11458056594244256982
5683347902942658997
1558071867355045054
11608745883952280975
8046174469773138086
4603394589103460414
6600423101039860544
18155027171509628703
1578106801055614639
17775904180032198619
15922366174792465533
5653398508890339375
8732124989023056639
3246065984612976214
370508990064982878
11534729744449299286
18361938553084548161
16567202823323311269
6690966057009189127
3301022289125898476
11208209465112668971
14652112998404673216
3715709128049299093
17604563847441275887
16482099479947309779
6497421149348078027
11709697685831087241
13077668859615992070
7012763767669744259
11651569778180125104
11061666399803755212
6711189443058075485
6746052144242438740
