11122547701394700834
5481788994957707617
6966167204946874044
11101337006390129
6543673990057665839
11394359790053626746
10411596080216260204
6160749317825168848
12881876948130033301
17696813516499439012
13351135978453489833
7406934329873016347
3506182282124637918
8588707327754496824
13030854677219607819
3390762063394984043
971228675545387097
18255830361815697563
5255231233870629343
11770080103568273755
12258067102472238833
9847910783044702889
12923770569105726868
4253810830914114715
7446716529037431328
7975107705744309435
5422872984206109220
15528215352904484441
10507196509237764738
10191946743098909173
10322494731085704916
17416329841063323098
421291154841035902
6926216962466375471
15721344000686832213
9679443758840279923
2087878893143446916
15410508212451664383
8467916036135725885
18001682183723927758
2538281496287726192
2488315518851371499
2842958999170149265
15000681450154309300
9259245518229288085
93426570731365273
14940541217825401155
2228792657258314506
