5384342961371491242
3250323481506475619
9606401238396228581
17227895666903575645
12236334438086340529
2443684618594572184
15812061765055013231
5676074605293938541
3501955932444158169
7550007907603042384
17137270624543080153
11343510972568747634
4259016654804567166
1119286051775901973
11357726005333577017
15399694413044514379
15134395639751936879
17764349910019932196
9857892928296886204
3085434826510380917
2188239941734400245
11794877855584456965
3047396397035532000
15290669438929758894
8780691852141724905
11621016596724649005
16306547719359024457
3078997786511943782
6172741788142849795
3058909585602926494
719338779641685179
5028991987253370935
1743205556286165582
9197126990334228939
9969597695537355237
8172938393517639286
15367112526720935586
15211980741033912100
8163552575479865433
1567474427406553623
2730640267043520805
16045691592807817312
9192636838081704058
2415103453672106902
12000637483189394779
10906895780859483064
6721878444077615901
11096382475986224929
13423938737983064395
14734473109514015124
12685133034771047504
8489197145981498947
11163583555894951079
10033322297301567262
7649487461906511809
9842838100829090017
9347397561080362257
6775740508004173811
9359866020039039490
1728195569195243888
17285079012957563340
6514381473904021059
15188208808856647479
1093474282500714356
2531369681582866939
3844723468622341877
17427102687861982329
8009140707241725613
16034945590133204101
13036496799430013011
14544784923757861792
12974087383451120530
7844641844115834291
7526478158740310362
8750511530077464446
14256726447470398159
7303531203895263164
300365166383711869
5899849442605384001
18284290684177975719
15439339033517126319
11239259034710876613
12002612465929224063
306247785713860875
7567786439644484671
14392179118362678426
2743193934905865607
12167347227990644555
2106396895369678914
12313069656652843580
2751152506393930062
3429770265363476649
16463185408302396033
14911624254568683870
8950825797896546829
5053570791600873813
