7115660745271166938
2766362101182184996
5018459758574763046
4892091423965150390
11808525874026996590
14058240495790193118
397343795336944815
10073844101973660870
10285878853587772089
565059053842051380
11833823562645200128
6170881755236427092
17065033504331778891
12455938909982956897
11999480177802772764
5488476690416024542
10917091604992334862
1745253198470667838
4100037627414794757
13206282860396889240
16864656967309509027
12595713274185145212
16908136017058874780
17225279724381405917
16040010010283060687
3052405732772048260
9512190644138074556
1257498870579423331
4336743109406526987
11563417177645639194
8328079547380857531
10393857260684031390
2280406587191699816
4091904765726830681
4650865572042606729
