5183968368721900085
15052214085336718062
11205650090866266723
1915138923749166564
10709725590066912845
8218309267709508
12200991681804176962
17349270769445439736
1462965217819868366
11654584497422707836
10052885862129811217
790208532045219556
8754112457936404068
2008596003602645998
2193077919040433467
13324188299202977818
17902094636510895324
11205457710041724831
6461359492839068408
819839121463272817
13137020707675644449
7452692401069112376
9743941283693335050
4146024262415419581
3572108763056183959
11190333657863829137
7864334670569456631
1302044720695643653
2094503997607054717
6732096629203518946
5355780541430285038
14434225275232100690
8989160084317560597
13275146569128735685
4578855596164723742
91891761411974530
330530650390045831
10169259818852880464
4167436524691831634
7172980381074154009
1387682925427446444
14653181008238447668
11258062015328494537
11999075438771839877
13412538281791172882
6969986016736668927
11648301620591794187
6769080801403488056
2802356460775923986
17428245784197369400
6254817958256570708
4958226929595088665
15736431673388458206
18218835293954806701
17697997163099866082
16622830284111433701
12724466340684477505
4433765374269327428
12520639773377570613
6930460833292853049
1315261016766400201
5727611916885249599
16312507450295963212
6140807550898117040
16080819327773200840
4261419410423257329
10343320782248023412
15881655154810066926
291579502705459422
11913813730463137928
825694067287517556
5010596182167461202
4615455199482828546
13536796294628306302
11189713971082393356
5292687626267584822
9929924270650097403
13918931830761033066
7020969745477006480
18365813102717171474
5433149381914610500
5917268215198312226
17804801977471106253
8622502926444012173
5709072190580357583
2402035079758767681
12937077896497290814
18124036129235462332
15712169636702871636
5341002216688962210
5467269294651522494
9125560425966518843
5386836594602230078
13076502123666739469
9782180287147495274
15317017830862101356
5263440973644428236
4201716402879099485
9697188835060284123
1163491309132073532
7684933712545970833
14515706698803864406
18139928118890431163
617945546570672714
14572451515997292314
1577664989760487291
16135387433833293746
13317929470109479872
9389689981992784598
4219088388839816679
14291597610826059577
7418634906719746410
18370897262105991863
14176888087425063475
17769166814822638057
1682484628065945741
6644954471570906610
11834263200679504407
2098967804148219582
2311353956751395540
6012541116321035432
2739263510008836779
11517264465480998764
11588957360763922716
8046896710737295607
13741901694035547711
4955323735195777315
11293384783604235126
11621853608047296998
16795385745977057899
3471453169672378820
13588462100475028586
3048993415975886829
980757939818436274
9543228552640227824
7892113113790527310
10517269308920240696
13313509736479239959
14941910928089917439
1044624989136137556
10535043062807485615
17387368335535878557
1383282843982194012
844350090728587752
16749968082792999310
2364084630987142042
2184159703452842460
17342795484732357733
12832102026477130159
17302491559967057234
11827244850912580776
2981388508609679524
