14438383950888486885
15600812787819109266
11277964722368017848
10604229142534531487
7855889511824086717
3498022288446959988
9420942683758142095
5277267005647672843
8185237536813087731
15391843002141093013
10666782893049978990
16260646117343665651
10702666346903409672
5806184197118352507
14705383235622161339
12342137982452002038
7369383695752205942
16865696798763155810
16106594969348326531
6631163486486733103
16995850051385715701
13302585395210359601
11285706336348811844
5664986876534740828
9525382381201022923
10114186362205732010
17179582118130648024
5422111914849432677
1110012021762445068
11324194591602169040
15899624601934305245
7464597129097512571
10518526094595696824
14014445147352640637
10558653124391450225
