4104834475831077450
16995053875451550827
4020652309216901084
4838860633222870931
11600564709189085156
10810736247899390205
3506800752493388280
1110016144218891714
8834993497614493554
4013132557256689781
11792534337938099602
313393791532920807
4891396535229392979
10370602499964607508
18087952906941685767
11855905408748215084
14739808567703631885
1971883909647244018
11873571232485581584
6314737647839474360
6996759002690437123
13786414411282338139
9426813190448421799
10122354505882345545
3308667391084555653
1807087689916412089
2640966916125234873
16095431383249779714
4575251693653187334
6342357432462932124
10034066531715737341
2337034831416416385
5246747399676616657
14558663358475963333
9206383952521438472
666126893518395005
2793468175130562070
16622467441588623800
3546788168351979501
14350902842063958800
17822328339289384989
10706601265146385880
2682544419137245549
11215299699086834756
18049029853757062011
39155441599326770
4022995994464066130
6378551455738475484
17480932260064716695
6927926419532479360
12985667617661341327
2512541220890668985
17004912084608833050
8108305361153163796
17730058263121354728
