9915485596969220170
11580252751489613974
14298782232713355290
12228665081479928321
11801092827773875046
16049693447116419051
7840094497605518973
4503934630602525590
1595576015483886853
242359621974508128
1029058311614947855
8227667579935985080
3975468078552594890
13821764512380861640
9257083536072832214
5913905427425101246
7656090644777524624
14546007534335450271
12858264579379783334
13909484055533501652
2343366042548466912
11936204679266683641
5952204521672210788
275893482336312953
3253688355777868932
11339373228726763181
14302732827146968360
5886229942967620073
1996403984067395103
3685519231047441199
9269621715337483042
2792229825898122956
15989934654331363776
5205915753146088278
13918581142327649900
2382172848267660610
17392202005887842822
18366693220774164849
18268847454417565257
1210606421485289721
11313691076827235619
3156487831538537730
729364663417672423
6933183292530513111
5488969041739963204
17568824327341938610
6283368596552472148
5809204408108338113
11005631475446140592
12790052790847079696
14707079773930335531
464769838270848409
9451612095185435512
5312751372497904282
12768798918775549850
16964836846660659421
10875653112345694989
10802116771212525873
4598682135937167416
12784147062599639042
2424466012617844941
3153366138644382568
13307583805248686333
16155589266802645318
1879573720549217512
11836107436643083223
16009869447933953609
12403006587095231623
14236094736662972316
260060140866552882
11109451586318065221
4567598370608955880
549629070937037807
439052386851655150
