6339575389762393773
14684918272540470681
9761009733405042923
12881641394604322743
15806482716781013268
8577757271211299794
8075637287899214721
16145781927584408686
15413625858841381558
15160830852308547909
1611615785551956092
18259645557052770246
8821274483152811380
3961169323200279795
12176556618944854866
6422081157163466653
8932986073290999677
7698196728391991727
16522737299106671458
1298424628791145659
18246216665659731318
15630799052652588107
2196006641431442676
7056207683216847378
12987990657203604922
2429372511106808462
18111120522558247922
17366265103728991430
81790835920556639
127957289439561829
1765778914288536699
14535398069956172238
5531405837023290709
15451110912716939608
14417824878487595028
17880110361642453870
8366615894575631295
17047717921550830313
10046456808706137565
8270242340575261848
15925226161127543094
18112761612005455972
10845768826093091972
13223376054214290893
7485170287841906950
528361241277561369
16471588117680154735
8992936731442439744
13181767034050088276
9745106607761604287
9921623886324440187
14714621960184196378
8422135250307374351
10926124864064140261
16228812010424875393
7503614106375818536
13697635898548526223
11983268047501945619
9784009745729411522
4698113699415764542
5016779101628265909
14537039283173721793
3290919487063063110
8417735666610961836
2187427346031278153
12460332989050579849
8630411132765137291
12390066757988216533
17777060975920657268
1501082932144500343
3738250389743186479
11491923732598114629
8985105431529498415
9345375686608317213
5840579405825314557
