10969008003654002488
2198001895727819183
15503746874539724440
9594995807933788522
4332205254105654062
14101539678593319352
9603939940643973148
13672927697559995825
5654486900964274285
4486939461409944332
14466999498439625641
9498541174588492141
3967403351571462551
14962470770655419898
13499969314823601671
14187067501516806682
16309655618614537857
6095011321426921479
16509226850871370054
6097750022048504145
1137488710852441253
12838517802532557367
16246974827667573423
4630007368146832634
4454198292614779548
15304326669691120794
16039915403568689325
6549834010295425757
6351185934896988665
1512966259488290270
1652382413786013542
16035453486831676803
14060205890191511788
12705896048341489628
6522338987243154170
12003669306212432538
8620955263039179475
6196042098070138473
10149713930804399960
1265574798885705309
13344645964280160269
913230488632473832
13552398408890294949
18325409720373143025
15434044535933926542
4138546540267719221
6878774599386801534
2569340826043377308
477094521797359663
1051391856764619701
17849289041700158793
6588164157581711549
11336054452949930113
3039669740873345934
6789625601452788530
2426616048942127229
13601963227123057291
17251693780956613239
5393041773564039938
11552804569030657297
7159496639030457929
13131491160885988125
13365606966714127053
13130084750874046047
13312196498787417303
11426708842555143714
11167767972336045148
11310380198472047735
18284218491968601613
2538245668253153214
7297476325300369034
6807157337553570482
5739183658334146556
1868576148530252634
3030404010417116555
7847473076555039711
16886171209181857114
8184499230685987660
18181387322190256920
1422500909555727216
17406833698145708151
16306423151676663624
16499579259152538985
5641921931365099119
4518305460549226824
9432692127402016739
13878098778604778984
3487826585054021956
3472580460563239507
11403691371774099582
15832963757056171808
14909776183956409044
4060322386102975711
6998024583584520106
12643104780839364117
7861452267469717841
18424952160397625217
4327024009627374169
1443979903116540273
11858585415129004994
4382167828422042579
7834814116237773479
4599063706189617936
14366389170298374704
8175183522392106071
13425073560976823215
1980590042320302456
9360714550394658888
13472191859372418116
156853560598740833
6137580048884562465
5686827983360958107
3182690675436548342
10132162980393655812
8029777413672473485
8311905283321555450
5232502103977395220
8787843923344927532
7366997753496292164
8732779015947011117
10192478596600803957
12788043053565892278
4744895695005942562
17588691512021973078
8566925428721626114
7070535631320899939
4339109710178839879
15169221865354406595
4316781566589987661
2339412089402080201
15355870730445601230
7738564923379375108
1397255340345541480
17675906505424217642
15995521928929238532
3626978972310205819
10670196542131533751
5302043466652264569
3419132727035998239
14187139897523514314
9650852496048093901
5944542505203667253
9470554445774339982
13095027006512972637
5672216579936896694
3075282835924963088
9537376636788473437
413782693579952717
5009568975194219777
11592506837911169111
6783134498220858108
13857149889318906989
3191193030243357883
12257932414987089151
4008506015275503157
9785331453755576495
8642530984957110979
8134744706192208207
7219486580095672774
16797311253381986499
16361046624608506815
7303458998161774995
8155836300550841067
18143026383785296385
5586856490123665578
2430099877835588818
1003831125293357561
8489685143249081654
2100848953734620825
14854073601094422872
5322188531612859858
7352728801257704223
2991578912973766178
10308704053802041429
9927298507000242126
8484483790334522179
5655269118268683043
15176216232741035937
4597609996961201890
14759215440047990146
15869454889434459438
1238414833095925914
4325904320678024204
16619939704545315192
5767443649393035936
6913605362671744779
6466494618229202262
2199047322622451594
9739867588851722031
562463561955168129
12555051427706933441
5945608895845602642
17418380646181174390
4411732255720967540
8929512117702107912
11749522676194931712
17244376567736847412
13695202803278743275
2739253518103871583
2524682515683116627
4780441862919304534
801716964614067910
4521699940237604681
4680744188220678108
9117526648902411130
2729461862843732275
11566959211706829667
16531168087642411465
17240329342022438951
6701092657538230928
1254903931769450538
12389092290519027107
16290711835506451758
16008811648563372818
14065688923853967782
12841205043838281698
9646617995274701773
5520134167452022635
4713587554474226899
10317925009983603913
17269527662026794295
843487031666605147
5786494430733580492
15156693468545676153
9419755501602747429
14455145777669124891
17079828531455428460
9781931581654795816
14781881994416154332
15500887800498016147
10988182310657761077
6639804461435469135
6130651047957497654
8548173617662750197
6702065260460325395
17633917815165040994
7534041234416598304
13570605335895527158
663051869452108513
16416755227612962930
17804255324484267016
1445085966695389025
6093366359904067799
10638090311281318435
5699718105479392679
7245530580832128615
2606542983065880925
7028965217021122994
7738210719369909921
9429527872699886206
15014890765734287749
3535034943372758215
8628045653361679204
1070050913876504063
9434289986839279767
2238139901263997800
8046777254792947350
9133716155432557980
8436981426224947509
13469803270607131430
2998847739099057427
11806191250484305424
14552759501298250980
15771519323626155581
17934766020645396743
11319510084282634115
6612581526265708669
15842894831378825461
8320094328781940314
9412282850236996267
6396359174516991829
1471592011888703419
5802076615379756055
17120024524363355289
11852783491101116191
18033959868482903698
960787297686880075
6670233487120825867
11390137275039496835
15121000471159968306
8771343193770362567
2252160664228773822
16575299466243139548
13542573698531676289
12185523219208199464
8068102212629259068
12485504635185749488
12380875616960480272
15163501649308655459
17594696067346481323
5643316692556004295
16766678602051113159
14357330577079206575
7015457042394515074
16095230064560482675
2111473981719561499
8724148257300282528
13016321607215563381
11428604556224041314
14716483321108926170
15362823444626268805
1001271573455062093
2429928921189528063
10249860662537207192
433039888714160059
6413073055750420609
7371546468038602116
14359485926693832900
8117118733392136701
3707272342260515597
5493612320426717153
4287564937140526118
6070670296706782004
17894506108836484986
8199564904309350882
17120731035000869585
17536424052233317228
11466422075778165371
5345296161667971141
10487006091977521901
9850111305770646310
9201947883752537800
15600052603455738676
4392671471343148567
1475625523463339125
7929373085371799155
2183407723444255168
10481394826333029897
2149904578020808147
9534096894257427059
15102311767034950708
13482595130919968550
8187396003170888400
11472568222328395935
3996598004662410332
12459197095208514432
2418368623389336552
4675951389135748328
15824681101186884325
4295198303422169981
1308407036227590148
11211226769067586205
18018132418307272766
9578767034195906055
10217935769117130680
10965764542266580997
8938436610518204959
12918664388480817115
8124355059925353163
4099817238890704586
1523506624206148934
6426781440079530755
6477837381908096489
12584913211678033584
17558582096228310305
9429983914916468757
199070065437329924
5889335945585079388
4043598643735850420
3059578415223635690
10230935456465055124
4117435568938498474
14499330073827628495
1810305446462258683
16849673274453900555
6083013675171859474
243779334302506784
12098990416339216786
11757267124038903090
962095798254334871
2166872806005297736
8708077759944603401
9642196454722356904
10953668230452332092
16746045315390113011
3874679420593584297
3166919160672007584
11791237910808121593
9691991851604710040
7162469568110692688
8372651104968485334
8442089411065362310
1467610267464859391
2186668260424760870
16466270178320622995
16903636080882477106
16037634374678889712
1675109561082461346
4782201523700979170
14054418714597998035
545769580121152607
15639110767776498449
14076560446102683970
12799429390891223045
12369093165129489447
8267752159064328763
6239702127384598707
4915005104608015937
9848913657189466456
159275896427469087
10477040396848601573
12019398715809061744
11647392409422637328
10297213852666151435
9024704228198370213
14763875871522558314
11618276120569623248
16416889997878673416
7391668208440828119
10542506057555478609
5959256594245542757
13545807041563772413
13587831296714201741
16365923300392176828
14915512649126167138
17589013463069794032
11248023891629529268
16848249305305109099
10511530376027365618
11419471712848374165
10789983949858133705
17934506095791930709
12419766151889305503
15108762949199216620
6743442233039373082
14420858897690781808
6136749809120769334
17040308180127908679
17175174745544037961
9970650169865027773
15023195434017613050
5446768900779883556
4365057901752632768
7881385126370246420
16247068583699757720
17229063839289896690
14547490139311337764
1152313058161626902
13180744538063974708
9766382091509467509
13159699753449786609
2507020528189009191
3594468882121344643
4856347189497323150
1406122811840897659
9288234273120011997
18326954376162575686
4293664042754100851
2279110866226524355
4646232952177183709
732912977615549137
11184945974442407343
11500811238301354117
17250238590805525903
9062435064755923138
16021650394542376867
16181895119995552420
7750471784451148842
1050029156997332003
15187254495605105
11573599939040550219
2584618228535476686
9982240757092467366
2964816919177086642
12215234885145123004
3433511771035487190
6853020212382321300
5968145731391054919
2873919132978829543
6971914948884165751
374745290769408857
2951470590141367286
291027617234068392
6132791358181557922
5268723908873308247
15868218127987921072
4865004291015500149
9052366121342984202
2178473622394073995
13895694017765618955
10463358338884893933
15398419934362915541
7194557830961146583
8947918983380232920
12854759492962769545
1074440683162900835
5700275355399994164
6214965131329673546
16064025541313606447
7793870227657031720
14523310831586051955
7096826937524876775
10359456175109949639
12946807653220581318
6353452443313444971
7575653271739513124
2168034075102182895
17296336271019015627
7892023078989569127
13646233073217927100
8723170485262542612
1565496081905643397
17066054916003356067
268808235527730629
6541813943016237140
16003249731482777198
3594537068751059338
11361695879307799511
1420412120795629968
1735201680138500316
7938377721295963234
8568434861016812684
6783846547858463665
14755883825098697387
12607802951728867209
4098611418076970275
13614625863901384870
9258994996690371641
15307169875191351810
14200115050982401103
13079079788504238990
1821753927669079977
16261290673509095158
5698287043421819982
13745368275937576348
1115061974273005443
11636529024797900392
3253056674758351400
7433102129746274
7574453521623228092
7356534896843863476
18206419747358081103
17397002743555512521
6650076027586389028
600969905248515277
11585679687852023153
17864834217923659647
10507291760373963990
5856103711755226009
5181699852472666536
17858798559276241357
13619290619976360490
1675746078877614120
6069695425934562352
4031064858302704624
14707956323858144363
4528015741219837986
10690180780210138108
13013659344536758198
14596806572267672537
16384199482898219141
18158132104070425475
2763845396254352606
2479956302346770568
16047258849529597147
12029325272936477909
8920107218037252041
14651308225617876586
7831228069147317313
16775199327109801468
12668495233171270739
390645013689169963
17580939585253065138
584458035710051465
14325406178891283032
1729085601909605925
850559974893076124
9667763460998675358
5905218319737108283
11245965606245519717
1453932412939483865
5785161066168420992
6047462303595628276
12208531563431207297
6834208518715580867
5999669412230296362
10014428682952782718
15550885144994541406
5691933631610053312
420710958375440132
15949671085443343531
9417363076824334126
10640993096368494275
16171154415434658307
1510814656326480123
12428089824568944045
3579939019908602843
11482591785707917371
4008681789874688035
4519328014990566232
14731526685805433418
5707808036320527355
7716859732700020081
4554741560320190288
9557407100815915907
8111971663250052350
8233020770487046968
18226138225608288110
11844256770923477960
16387924917355752656
9044397742895195227
15308682546182459249
10283361145038211718
17516029706000664118
14915848279749901251
835629141892863403
643022635100027222
7235849541184838957
13748763256444377363
7290747006191948757
17754640562690719658
18168081291977786745
10406543969283386520
14652283819595857509
572637058639100540
11576212625150577704
1306184976048021308
18217338482560249238
8062737356375792845
7753507546282737888
7600299012871679091
4486083781235119310
9772530133617756741
5331812762359310737
10807138032949360599
695606281958047783
16149880680364943045
17201783118269791461
3878560621937289303
4152703348809716777
7019347155387614445
500648873696048302
3213592831284733910
4271999961845020254
156822236766857621
15197084671068225517
5866517316679090430
13391863692288674970
10308035972349979213
3613575434626667510
8791254617040706811
8124178895270007553
5296768248781615985
11541529062882329127
15084081989135243958
10248085761663889626
11035659688927653191
8296069465885732698
12810522264572029696
1019928899683172643
378759158334266437
2358145731173687075
16979144343867837440
9104561920893278195
14454604972523655431
14432334659814575545
7117056345659441855
9999879564265734653
17630984907457078704
13676319463790453419
13661031530577817970
9562461484885223528
5151227158617372031
2087334544403075603
7961428591359832140
14457163077033576570
1601505535577478379
7163669590386672332
8519533826585291259
6236717056984084245
1253699570685609686
4126335480830521634
13879975374226065196
7240662444766266761
11590290460422720199
14671848831673684905
11056696024145295538
12474652322951746379
5592501869315692369
7345153886158503178
8076057317649546698
14490292961200356703
2441313816697473596
12551337703735071799
2614113871775004014
7399520972213377514
16791345111344860911
6640762083442056239
4253415893218955693
6272900110946402835
9222007267971354901
508278581897050821
18381104171472580710
3597578146666860651
8027345538865444020
4810172518652747136
17721472943795729027
3910669925942906512
2787575828834679821
12087538702926032957
5764197253687669189
13591736760098186895
3670454063774631692
13405211160926695551
11383206769359213444
4295567561164358580
1180428852101082299
3114769920996041575
16814808025585127440
456648572406059775
112373404962608322
2951499077762285566
12480103360694342273
11851233449486118706
9017588371342508615
7048050606610023995
15499575396144548749
6686527525471740600
13274259278733024217
7925574355359565984
16245684253442827227
10262607906512638389
10959856746329382140
4146031792425077343
7751230623792450000
5944345863607199929
10960696913139800
15124014586093013317
15857141086073612120
8843961542955922299
10150422427905350085
17829721891259062734
7967555269161600331
1759537025490601810
14151294745330524911
9068308815491333275
5350931949946862337
18015168433535392477
2924964329402762436
6026006292553206613
14141268109256460033
7536761206679991374
6349215251853319580
16586645443216124396
13568431243300509070
17838468643183034872
8084971734527071497
8694669314327052712
10953374318062882691
12582926082409316196
14135223447020262588
1152092038897473447
11134003461122986869
8055886852892986750
7653134397869311068
16642229242438015120
11125924534600948018
3359604402649332979
11947699814395969742
7790524989328134446
13141689608183483234
17139759617237518667
3574783983365452644
18001533192589277837
11875497311433513945
13529762679152478758
16051431292384902897
1961319697187618317
17751504049771095945
8241462860844018006
13714864569313486992
16453203223527870916
8701044786987622027
15251501554943091505
9552436643240522515
17335719340168516150
9422947448696531030
10551067335941019357
1922563315876650641
5765431625241387991
7347788325245493457
14003717190515705623
12773992117934819792
7309290823198455645
1184385721650276065
17808219584168166245
9426450887282534962
10378779547524738412
18124405056970824978
16416611990663619172
14815133681208568624
15471147199339103181
3927030832697592947
7485026709586339615
840267447836130039
15750252035200040147
14012085113176518870
12658856966813931123
12325458308016441091
2265350090339186840
18099295130691932617
10799017816829060245
3401438205424070855
18282227239874528087
1384584450329016496
4197567812065637686
15127754821461804533
3109904034330559819
2317040234404414140
16964560498897639301
18008805445800600001
5056474789829571477
6558162358238697301
10192711508574882057
12455349838140945500
2773473236851820322
1847492852468479376
273945862974199121
16704048161599851316
13211780795478193987
6254308776571108452
18423839737314623349
8721321630475493464
12803721394592265930
2270473576043618776
1117330103627219281
12287603786899511927
14590506220400174471
1722115000345150992
11965911368603301051
5622043374420854704
13660057109256476126
13074223670473856688
1710473684834878310
1524020565406255213
3270122476946849388
15565034289618844572
8388168154266414888
2564987020399592815
10503807087180472595
13748538993706333439
11205789405510402050
8878731889867920174
11142441563148075506
821347236378271624
9738622755313210118
719488498618248355
2266538478043339484
10541305770638244835
7123169573298693895
6506700488461962554
11629398206101035781
1765611871268887865
2382248756716930145
5927722313016085521
8171565443088695971
11729944810849687942
923778269572512830
5619618434565340678
1093993403386369884
5227273632648960884
10294884838991497028
6781163765890210224
2121857293567245081
6984975365713478374
17583078494388209619
989762090738775346
5945382816043659165
2892534773906874258
8341156557028605990
17060493880488917101
9474924550928682762
13699016231423176483
6988902106340933288
14194313567138731802
5277526935517519721
12281464070511378666
15252629216788115667
12199239926728967896
1863594639789007996
4234165448013550737
6838336071342604239
11382695825643727462
12481610058209055265
11621883423139798087
6368371896126023175
8196742211086352530
18254165059702171109
14762346971581934950
9999019425287221148
1347819242994624946
7833906015218407361
5439218140237797686
12353434433899858241
7683623033792233774
9660287658673803051
9022690395230947519
9163473056686288986
10042359835705060823
7561277602076128316
16787131720040632092
11092359508231555887
6161978326267444469
787276031762118686
4178801615321996339
12155580873836120057
18278506760199827339
11768713762559133923
5726761174515159927
3684293079542074552
5413082796916842276
750963568675227577
4212828880604561282
6403381808968412322
7633618572381184791
2112566759510202363
2161118099005212342
12084082308580067623
17402208080526590262
6112512834389934897
3733308508197264364
15720581902382550525
17910538960956519511
11657287680602320722
12774103800373211699
12701321169444888481
7462002774846325835
4418105071382128406
10376593716759850555
10155689172037640239
3761106511273333402
12100387009727815734
10375780442986519024
10886142640888430747
18273709797714488633
14874366301716447018
5910845821359723357
1499805355543687770
343007432674543010
12969191764751737438
3104171261439034444
4835651421799035676
9113668161022148839
6318427444700381640
5851183809091748663
13259707992123095679
9224317153401570220
498267035684872483
9657685380335081306
3617871657783059646
12489432577386354554
3730141762454015485
9910883739351757414
11135782860262098908
12227830673668381072
5064624985265800351
1037948652535817320
10835253920086773552
9348338178905922275
11484614677285028966
11585540078832749848
2060842251796124335
15960105441882175336
7577373159073651162
12259095109301230120
10942307974829505896
11553679976632187936
11601625060978352407
11997012792601341595
3694467830228034450
7338454730184455201
5040397960220482193
17246543156029411094
11180243172496850539
16573081533934503712
5559545859759644028
8955794661029092145
15849214887407846351
15118601944682251006
7943637338461131688
16217157794236137257
6551192816983584585
5922941500393061857
8868667950349586678
6551914781309702444
9662253862615769371
2862426998865444886
14252861707980352148
15047354937283777551
2069221572166505430
4775349116182204424
11964442485514061362
2196519330662505353
