16045236204740083148
23312261427748144
5565132771191516179
10418586719044216049
11356038637164422059
14229367267747166847
11553934323992611581
2513979872041757154
5168178528715549673
10721027115413497242
2549081102433962527
10678261402353991038
6021483380943727805
17645117748745096579
16624744456667965159
6422070665530901520
15158224485756343247
7039103639374827995
4713545075746348241
18175829382570255870
15726498961109661191
5297697231578021553
1226266450417526517
16127515875435180320
4629567828132544345
6218996968288776354
17748566942452772955
5477436388973018106
9733478970703774081
17317615323899477218
1308379831704866008
11460316941930992229
6654878592771546590
1271684302650400559
12038021402828368756
10602458043798345979
3951109127577421547
17241544784942098017
2778882309312022514
13864186705212445317
2197866028530886650
9591349940968820996
11283453178975308397
1679565538371162927
8703817927615330992
3489993988902424903
8965735513538741295
3855993149442932525
10224194806432087208
18047749344478147759
16256641116055135305
638785080553035290
5090114403135328428
11292593010487601201
2373289367264414961
15527127764209669435
15229328758575212899
1745908128906842359
829325933637388074
6929982109069652074
2027974268785423090
135112275208760809
17529259595763039260
5990483459596115719
13084627057252811924
14414981080685197959
14574364473561087595
9792113971310010099
14689514334364976652
13423591544366781836
16632821736871790688
8114353149808922205
1375290648793733358
7928318196936557261
6272779349945788995
9678255458032381703
8993414154319984896
16266689056304152379
8353489239414419957
11177005464010657316
1684678516598030101
405223343566079564
10964544019665744410
12439418067014849896
15953606794889290814
15850314005667536232
6253853350128830411
7368979898776916219
16783883792554347622
14050484793849075042
10104675578909112168
10063017521954801711
185842797919807105
12764393487521068405
7654196381299352708
6145815914078869830
1945394306060605827
2319118473284248897
2053899546132514330
15748770765653967679
10585526416803490569
14013142664067802221
7847909561567542195
12026594113636429217
4207906065417486549
7873685646841353328
11978897274350901885
5023940755913912529
13019338521550088445
10312320650881406587
17810633816410136009
7103239531909864886
8192936458854511369
4872936821242173092
6970262234751335014
6995286596254219902
5544851901659693224
16077500078002635692
5184580711049179304
2907331734932412057
4207441445550678111
12834111932618229291
16174606820458928163
9657996350782417944
17068700694460885859
12802638461507944790
3565901225295938232
8261529307086632774
8966953176693850311
16513074393585134109
3422025642355488365
4655542557541363384
9782224409128758607
15602774619148872990
8164072984531350133
17230793900084292866
13883206151492300980
2801816879213734980
4613178172534920466
6946149348076157269
7987626855058489689
11263309849674816868
8892158416724553922
15457510998472546829
15090271091665258108
16734430496558583597
17262661120173685665
9533769619169451408
187861389172527980
1092175949828704776
3774768298562183255
15903208293983483434
16976810264755696076
8010234723528399198
18155580850923362985
5876230344233390632
9762136651834009506
12008736617598084176
14914171637545343898
5579510081623088375
17071382902809090844
7152101353933660084
6888016984604488787
3106501716092963633
17134600128168459378
6676733426620621631
4492291852577963793
15885080936346649391
3594018125832671820
8773165083723555621
17230722741865805310
11419775066077410899
6497673045577345218
856343995902532960
2288030563797691289
10159860878666357236
8993184932621583584
9627737985589587833
10742877028273777237
17469534455041040866
18187373641681498971
14203467291136339642
878773084253997008
8907749774388567951
18432847959307335417
9235720919985575375
12127561617063331317
231739790590318764
6154348307402358986
975625189579145575
37738004117967480
11834952980824515881
6598006679636433854
3287233970998966176
10915520697156233913
505848488068889917
14329890406379372944
12671816844117022660
7663523069476276165
12739979332725344299
340451492122941021
10383978882345782660
9777700385177276771
7996942445684414496
9615928172605642111
11332350104499735502
7472966727887880549
10108750294197412075
6199210130827505225
8181758238197571320
1612668885082937076
3461202659388735170
15033669477268755553
2842934745405753401
7030473292205369552
15585186711041244429
7843397078178238411
16633085328135559570
8241097886357385282
16354549592321916408
3738478078516644066
2845061512585786917
16688305320339311524
9043556778027497442
18095069892000347197
15556900911912248461
12219731743509688940
15438979821687342271
17925878518605534380
727127421017447703
14613484415900673302
15946765250034936391
3444237597227859661
10676481383605086965
7129474431265956338
2031299712868141290
11750048417105858726
17671243235442682554
2639804686770755052
2341282705728603248
1637386624310439049
11996641095937948306
2118348859211759212
14383491299483816370
13520407477205650670
2477726069684511018
2248458306964124404
4118952162326536631
6136864898460656483
3623200605351604633
9515504123262639665
5221993288886674210
1417391525975258212
3724470379468700930
16118104237076093479
16031442924385582538
512896839311166570
11490142938497310547
15106058773385854333
3475389520736699721
15302116862198222167
7107595486309600024
3995609834275201714
4156325198394872346
6132872312560047299
3931214100102410274
3675433411421464866
15220195839441624465
988141729067550065
3481999913928704742
18202929255423859892
5127060785693572014
5263356023394817950
17169300753832245949
3749340442936035324
3332920056078006463
3146562282148925083
11089833008971145307
2690527320013796485
7219012303863112128
11776386571716085653
15796653771879042044
16285947196096671245
12444991116726984499
18107770408690735745
7537958932547718889
3483834371749190475
4667023385664555062
13026563227774031752
4692043896637875400
1024806562664564649
13441568475134307844
17535448592210341512
12291181402945605361
13032799295780846232
8339770906642427854
5572546321116505571
2610193129426834549
5238743347711694767
5216970670497370554
11295266420904836612
12132798888148015562
11370231927027611082
11186135585310219645
15624901145461645824
12802924808049745687
18136899925469477572
18204639030061514768
5502350005878781171
12209426732284284977
5853040975730683211
17439502638167883223
3234791385042993417
11758111037672571372
7234813234418485253
6802117698795446003
6077046364926903544
3003922251300732948
18427347334929252807
17335771653084738221
11317058684401056900
16561536324698586657
9430942673167619473
8234671387601681541
6978854497995963345
7395568262596444932
3012464163712417342
12575716246296816725
1845690163759139327
6107059471398697217
6002891957134924049
14574366840954396896
3332441466871466253
10520440973880242098
14458007130336239077
15480996319182970176
12289240539257464093
17964410537303756264
17572904661571689357
3745953753994274505
10503221894577084984
3679782243911252140
3323308336902441248
17224830029246548903
13561220866738157620
866233446373590549
12912232830817899703
3103358712410856430
14206728575888549744
5072698345564954635
16826183957955609985
792036019180649076
11601799212915854920
17340936624926352125
1284067278172535416
10823922840380777778
2734699199956212799
4519345440125339698
11286462340359457547
3114896507202554634
13599595593448828384
13767714503255394920
9728652151932084230
11140744487552424716
5125328482304118350
1474281192052888874
17211466768976004921
13171180656848124181
15474775084715230815
14741721573030535252
16807710021308490405
2604897381930881393
14117741732116445153
10517349409617828630
13078263761851674392
10738134985282049838
8510418600670191346
9872431766370435787
3001058795372614227
5574715565634356674
15617194933593079866
5996592663743486242
6591762827642155045
10693271756492963251
4150828019783737781
7908375966978825361
5005122422657827270
9249462414352306790
16204855821488460882
9574152777601435200
4390912893555599868
11561525469720955622
11654247170025520077
8283050815086904656
8991972645087777414
10039059196020931558
14773966511602922248
9074065424670858880
5288006514876925297
607272219352468423
8948537620745678135
8139072435631408944
5354938255273772686
4867835883130053005
2956100326136654635
10385033920815667778
5894186134618736814
14596988702082240688
16167143423022458082
7972046075992440648
8479469891732969211
2213050580212236542
7100501789960515796
3262025523985996890
7110098621902422586
11459850368411011553
15543298575553884411
3536030948506563181
18265816507307593564
3818724246269916707
9634249969975182344
15663095248091738471
9274525142649583413
13468107348263593896
6950664958199099137
2007204620630900361
6997185666237875558
4467978511582599477
13319191197853911213
12082355380614382838
9524142492389212832
6014263052324007002
14742972102452272474
8216434496727127353
18038733371334884549
2994227407464649313
4479818123985516285
13013697324365998657
7455400622824525696
286034095987089057
820927317009388476
8273294004267830502
15275221899756878783
8900015793151134048
15298674369972689962
415485240342368208
12571406604898488481
12143626784912207533
2744905773512441260
4471051814417646667
10347014239612844227
3129953395226853423
17231095758107563188
8589123716092297311
4879396925926933850
6549764467942952612
7537974752855670672
14029306986002904064
12831954358290862101
4626241378367166176
9371087515950138967
12140603015007214455
7338901592991886992
353389919445003342
6845469809862092134
12863724944431729489
9921597734911122632
1860611639621097415
7337028496079395117
16724774482096370253
13798286887337421068
4520551076297524956
9196171938267845582
6916521127139177427
9383271711869278961
12861581384773541426
14705430251935944236
3975732842393253212
13051244487603862858
1566492757588702769
6712257746440631189
5510060562324030902
3844032807702564384
12358681250949732095
6230014453365054509
17434485606972267581
6583725437805302951
18138542869636158789
5369415719707491980
3491893279744191272
12144942452179552153
3673676257432527023
5563320506435159374
2340470353148132091
4044959210957798739
7033777928214056269
8618989586948516028
1680963240614629649
3426685467701430023
11701400834506808309
73636645006855587
5293328261420710540
5780147615189383586
9549073835789717880
12789155841797408159
4951991573086566715
11467465786235184147
12873969852865461459
14576748254292102288
9690239229406138984
6612270351364639047
11384114591943684372
13245868910071115702
17984964783392795197
5343819827721472873
12011052446765088052
5689101247772276718
1953655919754894126
13040610957733245105
