16846422656860127211
7927008721031633006
4883140122886865776
17438651273903545671
1376719859115838092
10346712247841953025
2295764561226912319
13911489234199541201
8832901815874910511
244316562137050671
2023905721112448960
15470175840116845138
9490799229687801853
16588770789616212215
5656305457794090233
11147088824544985018
14804440129040242955
2417636972206705484
5696831577809661575
16432107400088557780
417275193075468891
7615881532646699475
14389961025288407640
1538327850126869386
4658836077295500230
4264776554810681284
14748178003761394222
13040114816687591408
15528404004844618336
16340679407093111964
14292219922667251918
