5826305616806305788
12742973128731768728
15506450605305441464
14317484337829596714
14001210036133895879
7488763305121128205
18358765041199991064
14085261707932667963
17929374234926611241
16559770197950198123
4222893457344816655
9645246555617630121
6253098539161179852
6303706649470980940
8546521477784766153
15719504181779710772
16179775585620647189
1662268371184397693
8169674106414870142
3568985171493321406
835353416846054603
17239448625670266901
12963377107278144552
4129245546517447281
13659045658252815095
14086919951037217785
15208826490684588671
6747313488716180809
9461029842128199332
13166663297747410878
6510146341078407065
16668481219474418357
5221546852294143065
6666107342468085783
17005429736497403306
8766749415972860707
8182552418037862901
10315854573791212756
7107896893216424924
10589293986358878981
16661038572185739216
10335446056158768324
10713758987300011515
11108567734061330847
1588116639636004466
1586791069677971977
407909342232471931
13125152031796013029
3575969760008043325
12909911749463419615
18217446335063428277
4222841931921445764
11197482135670908232
14918324879798968092
9198386600679615247
3642635931209109694
10773528022267063230
127783910923613152
3357769365375663329
13319212392579631916
1851960246785742468
14622237600593094045
9846062751156925417
2036600351420643515
14186288601004073928
13444468163939825412
9839024859191369185
17728016877487863833
6046852825769781926
9807513562257784692
1054510157129378169
11844130956186291896
2795013522475935540
16749984435744762384
8275111708622661519
7280406029705496200
5753065909755168170
9604773136987124795
4779793359668986287
3252243565416370927
9482276855532256427
17328772433159028158
16191860605494358165
1806436762625760612
17917846651001014786
11729763173004229014
9211599648126194660
4261578894413183328
5608548476690784438
16974771411748748595
1594191545975201269
15381162661982636525
15305535688357447446
10638202016187362469
7033659211678603344
17822299691897727633
17739659767262382133
10687166472093214796
17564165270716239487
7935484331941891845
10962318000820821484
11689086241464342407
10467888875111315737
4216982528231820068
11008570374875900516
10251295103225601934
2045516743487717433
13298446042905241175
9120967249482021536
881786460063927357
17548273236225292663
10679403319262591514
5353380493868010375
13481193666630164561
18209986969137518773
2706450713747020859
11829289783934993711
12243001388885471179
5385023119207814220
2062372392364225862
1948289202510139962
14601509288083247433
15529423647980780327
7267740001003658067
1664804564295760813
886578527183400227
3777982292580597150
3878388008939625863
10846100589106025575
12730919157660472820
10202214183872788162
1076279759580815636
4949396017056558910
5057496528863475932
1448337587707239817
11547577772332387148
17222539030166534948
12575457154099533539
13462566669001017814
11055657432538545230
1363376618651452001
12453271548571581108
534338014198966670
15890844443006367675
16069797431711451690
7734044653134892460
819371040439279863
3113934443723906213
3590483257974801493
2922682670458957793
131844024572240486
3343475806589417421
4628582846942403858
287128623346630211
8117879808501920946
14125758821432026354
18430337719684946049
3894335959415114856
2805412522127380772
10845690264215919756
1932327169311691396
4798662301650619265
73644778769026684
3719854961887735660
13323304374435800933
10846635867310764877
9851799551477207970
10904111427989921170
5098189890709233417
11181219232466778581
3450858400391646539
4257428206591693981
4249081799354316028
2709650486260134378
5455591582490639669
1204835190841009782
7110815905286639215
9193024646847720470
4268807638892317120
11342209489848355867
14437148576228499808
4457089718899553557
1420514404669536915
708862774816788438
15513809791622255836
11800009270083579819
239261724279721725
7403236872262437867
87916231246455950
7949356452871696682
13097275628171746903
8976015126914756863
7097095309594588128
15700373280182289931
5379787389440314573
8282897617887432920
6751989543951578870
17358582451062470195
11487787293672568329
2974466313694297597
13637100874826993308
7559881142111210213
8333672701857897470
3559057232500533247
14327167303537304208
15079475128190765520
1892428619912468584
1879303156307022955
14280312403681658974
10234488309189397524
8523415743557049806
17801200806356658230
9890809824806100035
16216731953027597312
3608216973260664331
4593599320911442897
15033789294222484000
6775054276097080850
18444422068322573992
2202331956243957613
1698353036128649519
