12623656849994522678
914078119203893466
7551970512811704862
7252697716590543774
10513384733233042305
3935273098716328559
3177640861478996575
9075468804610285929
15427330896708059270
9774988438659062692
14707740674306366258
16488441585719834201
13878625899046632856
8946547714765534698
8393981854287830055
6773400707243833623
17303069404342899041
15137098998760410041
1566598157991172348
3448997691447780851
16434878569392837981
5969461876803052841
9130048618597080139
11068464532856881387
6368161202416749109
5662077646138055911
9975251057870579664
7093957155572642276
