11101353061077016591
8921439045432475494
4248509322563202425
13808810842705964886
3364360327875866357
1615520256582578469
1813289164609806702
1937320868143194196
11404091856772446058
6845680340765302186
10168835885904662942
13146531803489259863
4715568657873490302
10630925109258778455
5443949617195188820
5141764324806426010
2787643625342194435
10562791978921448609
6792646813074413356
6002530777873113728
3098434403111076930
13246234971652549887
16864469535095704835
8571455372613027909
12440894412377209940
4917065109704882876
4277822748925474526
7217890525476429676
11686026305884428154
279691649658885515
11827121108305000367
15789543435434119674
7462595933579124431
3458072783128424889
2301015670704412665
18170967722118074409
1046094909704145401
3108856812326099759
4106984054878916055
12627227394799830109
13995074337076299023
17886071234582137056
14698689931568124984
12886597937434942913
2040466243475926289
10374934613079171350
6740971305849173749
12856239351669355708
8782637361641615807
5464159716892132818
11142193493290419932
10055738887317879190
1450585943262602429
8352581648138447114
9333361501070995342
13539760552054867894
5975765175948660063
2783022204959988120
8936665327363363148
16970206742871673333
1628449293695473004
5117619788200739072
12658407635575561087
5894561655337941732
10643687237886253758
3911345600983702247
16758022602622531624
7678665940609004427
12906296051911198435
10802862042784719933
16571163015938793273
10475650346918266524
980722988663635471
16748397506779751443
17622307555189299223
12730431575143336687
11520765956184384962
11695044231314422928
10287367355640661634
1360676463121782633
2703374542569785274
278058201009872293
6083712013922996229
11087365301432686486
17674469935009835904
16773262976594233133
9976349319070675906
2573850188529820482
4745890330073424003
16762394703724479880
16281708758864894321
6486065240782500243
8688603788880440127
17450010979322292059
9880564645380032898
2274543145901891974
17688213252267946434
10610145345107356556
11541159058690782750
10452988893598889552
16141099443044198052
11145749977136101327
11936338783581372215
7875785395486426205
11482960518159871058
4690152440009112051
3855075279927492570
7641951575379864679
492769076399928437
6973454185924777738
4779941550194922834
18202316954713413696
15854077188346253306
14862790625351144534
