6282501390139820997
18257997963502943024
17570370337418576999
17403150420195588179
6924731264639096887
1418572787885002153
17631459104823512263
16666337914433693988
13534930953371110922
4448649199778254539
14090282880587082813
7545909411920271746
12185464957826098374
1696119433302772612
6223728818074809534
8941190302092958454
14707860637362040993
6456589857914608770
10185971294360077369
8259943890835792597
11216021573136197407
516303382941794229
8115585201558724897
4369947363012755717
4450656846732638469
17804957175159117348
14721795602929950564
11243806762394778400
14246336957734384144
17331760780317739045
331412898203032878
14821251962054453364
17915462717913365711
9209795049047084457
5718620026333564447
9305872324718130703
9214395743668021717
7414191531698418704
18309246973610191079
13054398631211181108
17842524512056904033
11791792968455477613
13555960514226508779
8414752323857112198
16757266618215133487
5947193407188123738
2001283544574247069
2887933487249327533
10823437849190280897
12722280309153423524
11241300092663114270
9241722598469464386
13534057384572118661
5555863158909835545
7353195434966525969
16083142615710198159
1236389757311096983
8391276294752182335
9422083465090766468
5855764928585880556
11119951103008708119
8783878218144853948
1453289074695281465
6619566892931583831
12114959157049198538
6445052239988904808
3877315801603757114
1445760968746746623
10297427042279253209
12540263718086751158
5899658806241680026
10707739918636369376
13806976054118923752
14675387561070227889
12489232449125646182
1679715060471023435
12766398745275461384
9787454264929290757
7677312522158146244
4056673182866487646
2040456105989600643
15686215181426010253
12727472771161170327
17542513039597442630
15718875684822526710
3297849188521856252
3949556714907735283
17409551838455224212
7199122397271232764
6617058859375399537
15399548172190963858
10261749135956214191
12280425096181238880
5249830483405333196
8578093855902819330
4462143554487364033
16157621829806100173
12223003217826742327
12745305493945659664
3778527629491061821
15062121771809881709
13659508293450786636
6243618833919582091
11778535926611702710
11619105723520076279
17832027647785275478
15470780622550703699
13438446714091244922
11125425108886427830
14423048258391920045
4363422220202616369
13146697148530925521
2106078607630070018
13968318940177951444
13619570368101678485
15374138726509006108
16037178105260287044
17375043823204874375
13781200428431668764
13133507214885546265
16042833143017736765
153580334803634675
12311123947158494461
9054616156751912604
1429258133464382582
12328778360024265028
1862983175247980156
9242327188459136700
4627407405740946868
3300487484375763443
15527061941658010882
7023619662602745778
7320089196587616330
16241404967511792797
17636292006191221520
13826965837296699579
8541328396865943171
14149938544080169874
6490385835823081130
9352114948982809327
6082863962521657606
14077963532199018489
10841558434040710019
13912699039805250668
622059116854467153
9291334342648318856
15274651106738967654
4916156969292902359
3342983487199954376
1131895282766256123
7525378932401786188
11214449289253638514
14714588773090267323
11664128085004210966
5834176459367165611
10414126665694355048
10449494426841368095
8624105789214725854
16386694825738494759
6868249516846090245
3264886062381579625
7654709378673678802
13407915282433828680
6557603095674498002
1641444388133300117
7359412638132463547
18335928739158546291
438972802518090073
4552360291093791348
62167787404655726
16347905181352333969
16158791571715285755
7733012279389105338
4749886047269071662
836325006610013215
13760919799027335173
1220209128208404133
12754013557186815383
1999307335365508981
11764143592723918587
14528619490680814964
3794205472234444282
2711597126221211307
10397396195020476395
15647626843025682973
10249368471125573038
14503171395337936282
13700946707794107325
6560350802162132816
6466114232542976179
8690617369525518187
15887115093555831871
14693187888552931301
10507279651389991029
5544233037202891665
7441534120156492439
3050182732240769671
9304025519595602475
13719828858543128518
12167119104064968566
6334340636503997912
7645081417394160021
1234876384713968915
13918029624712380192
