15318541879687443411
6080930556633565949
2082308818575609807
11749742163051756646
3058171538455792520
6900729294813917777
12750990985736150385
5754588183840127230
8355162574510940962
7568280466071675620
13869495906607350180
14384477926068326073
419338031110978533
3594096464239431099
17455702461484642485
9864196950098501226
8768095407604741485
5921852761933059540
6093728498253880432
3410501907131280015
17811788309482901807
927662406818009066
15898838147211536016
11852539303821736317
13729639485856430581
7513261915148808305
12814069845044282579
3931397503407588222
15467750460844803855
12400495264365527295
9471960711228237491
5453093413601004599
