17623618373623135268
12265476923773892373
7008843058247326461
8763244837075598965
12451269381127029451
15907709478003823484
15336003479772269915
10182945230915786372
2677092587298434823
10653569287926662705
14308269894508866115
13534444162284930862
15718127544000092737
14678905807909732131
4857182914989112591
6853868463551942017
18114525449712960552
15374740167170625809
3905365449486152000
4586440258469962624
3280463453729821197
16004670048516989365
8293885984673098686
3817040038216030331
13253227258349364562
8231972735364125728
14120892264910398053
18234748042279150569
641190221603524365
9914329471157552409
1181087302317375370
5634859242756416444
2558545312915357425
1033835983800471798
14243526814711051362
11917233765486357064
12390326036645240462
3576177503089323364
9430746542366546090
1065283648124867533
9258524717872059654
17997836571800369345
11033751600472645727
14371691124747916273
15141480502997970396
5474741942308657440
12260053342641005213
15107111033549579291
1917973842616235114
17410405919370566396
9266576241990450805
5836063410099060328
2342244138971912019
1186164485172298114
9108929775985474125
1886577342057884446
17454893285572332124
5278144778668423346
11759457287227275418
13158601479835412361
7669971044878103568
15038932273742041890
5960411502162094553
