5825905179018954552
339292138269233465
15227829422550267028
2591583263083959893
5424090412775412980
13823465292702167949
7355715212457810235
12715232838638194677
12319614876477183487
4813912729454375310
10637028813590093137
2188042553149170491
156989934935032022
15697287375633163882
2002441756995886035
17016199302999553411
11578312821094647367
6970108622901658601
15035066416660351991
17471255526598753194
4397787007278781217
11459443582586252708
359163836528572547
15665369218021860684
13525884009627306328
7827033864221202188
14733197047630909560
7738499710741043049
11233634385776832577
9777722673016100197
11611481546968415441
15486614210101361864
