6368839152178930679
14644887141939395504
12852977663188868728
14397105457496758862
9989361165364824781
13694968676641078233
16620681346864461711
9554358482560068538
9768330565779234157
7390926216264343194
14729562002481330827
5090449300797873833
8657963468719760203
18397364340164367912
17077038627827745071
14479010399260752269
12202856840087193735
16143821673509474099
3791080858987282701
1443771831732457187
914605127322969012
2741840842402061187
8685885757095027171
6704824661106428837
8267160912308912655
6153293908751679452
17789539025861382727
16081418072977555181
13789181293051712903
920075804144505387
10933702493933373731
4627119414434897179
14473208299947972352
405803532829813974
9939372664910112069
9007467324738544306
7809695962735609387
12395595126288702484
1592175543275808341
9151673395123813002
16302512281819374330
10610030854839994244
4296714990064396380
4102560052126328544
14146642534554721046
3939271035391726563
13966304386952829654
3351995031626580697
16846352971745114690
3764865095989344319
12397891910349785625
7068668050873508380
1945791677332782212
15205729379872560077
17348141448131310470
3914797431966755264
6270890977377514796
15969762777098840690
17684682234420740312
14718916887197534324
17449949753514959762
12377456724602096617
1693821238218837805
9046174196052271019
14517588009735810873
9170633445009414415
15030782150526105601
11390649861090581361
3520244301947252748
1462953539658063506
12904087522824657675
7543932957638193795
5630317776254314182
16801929117008059620
1780642762275229687
440860818077727411
15566295191874600312
17930021279457059662
8166303191807287055
7231961493680616907
4446914487401352562
9365656823166631807
16824571038476077869
16812510251402052553
15683959196449892955
7142547933093119426
3639914342704957274
14477078784141372752
16942899025609923795
3287314416747466361
11645302567010501228
5511779565019114336
15332118627727810994
2755345514468758624
861442672789051612
16016222072432692369
4175683679755569377
7636688187984648723
4828893962903506735
755017338339297275
16937845970312115269
11277593860619408038
4592031265313501802
14978891914233320131
7938824654616283011
3925128413865502578
17884736254147037895
6214509758369053658
8481370623926454444
2455091427712247181
5169751957950264620
3872672423219994298
3026276017588052591
789762375131113726
15505624952126613052
17273652791460515640
5348254633618187506
15766120429289857833
1798432608653212203
1894092389945337733
9924043074202296012
12474557689614335370
11563057851539611415
17717106042498620732
14826404249733944086
5872266489688590403
7450292170541668457
11561545128969617696
7313392439402961869
13985831070653418431
1814899180405582304
13148198414348556916
17132787694443729208
6361181463271581683
16164537356556658597
14418296509645461277
5039449861986431486
3613335928408738734
3864083692303122058
3369310451630378791
177132671346109603
8990315220367504635
1140479870090138834
9922023534933770399
14792383934615554299
7028050241007210955
1884670785074938512
8785857825582137736
10703031109865375968
14143370695971444442
10455304142509536703
7820917043680407191
1292018678229916567
7607048964685247084
2070239941836621243
18306321574313864357
14920642076812358069
14403216440286523627
9427268331705318863
8967561412555274871
9469769226954548203
11685075525377734056
8237561493078004357
8256390442125524819
17157389990845302557
9569454669572859162
6204465313871770497
13175206959337130663
6554255919132857265
5343508715885467776
14389391372322173547
2879441655731208459
5601706267629193347
1407971815562286929
15215012078339717516
6801796684642252585
12802154920759970682
5323542896658404800
13618537773767921241
12739717217227508421
2221777855701312604
18110811077252201837
13611112059096802628
7790035831937824981
7642057162510133864
3804256327238219304
5449072224941238331
13964485721512820782
7955208872926878169
2254176563078366256
17650790556107697853
13728894987114888565
17746969612514970289
10454084141239098793
14418158733245511383
12243455087311730473
17793376827217575816
694933236982499451
2287872993384434815
10856339102907914667
7657877035701202824
15708440865596085360
13743984211379113947
10312522974703710565
5133535827568500297
17724370461348527325
1315552567324692126
13504207506069060633
15563399938706197150
16515274113317345071
10838228122114346138
11119074824652861654
6069382287485239111
10264198528710070995
9955139075061216936
11671802719688019437
6517495832647969836
12169695633160887392
7498907353685615821
16298524118293896682
10881226046406545301
14989395553848797354
5156728385614000390
8137665163248439372
15949299005236778148
13978120768598125478
13191581764647251123
12196913307656703551
18161703556637907299
4198227330895950051
1645207217966670605
5258990353690600603
7574382463111679461
9045657078609032469
4973999427840570802
16651899745936482049
2398858739879898821
10333401851888584712
6380471095060891258
18134933435110135288
18206331316141516796
773857896865362048
16517438459135677595
9758607887610105993
11557296101367213175
7479030578032659920
17883151259765997154
11638727244986576987
7382035542969220576
4968129563246956950
68101225807044080
14134939123037562955
9792782249559794429
15104143835204111996
1452607725821820071
13728612914807123075
1664243040023822384
18401382125370052378
6473778034237263858
5138660544518533948
8523498235168221221
1538996973691898347
15562772642266456265
7738779113503919874
7197239887645259603
4907956527850888365
14711933824479551859
14480003062955746833
7669873109781825721
17020846068241372207
15963768423273899575
10573363113673730353
8393875426099116752
7995856659573949247
11594018115768714960
