2623462385927256063
1793966322516921593
9812070992952954212
2616068918558768673
1660764256566829819
8153777675219701694
486142694300268923
5937283507127208197
8919239803766709349
16154901376879553451
9278704902627412236
7926320558953009477
4452549676746970588
7305866122576680677
2798047381558083940
16371081004204518478
5731754278052990600
11503275073600178682
12636692671113059020
3075585797535775844
10550103419562899552
18184713421183086154
17732082518387976762
11330120937798142769
4585165453031938734
10345922586810962224
2019202187701958173
12792668940854686455
1453572871178740751
18176693234767593638
2628042153088371479
9798093808455787013
14698500363558993998
11912139255421899351
2053184910188380428
4653366115036947193
5326009057959744594
5577591105177249787
3880788274598684542
10120150620306196862
18008286634307791700
7517932186355470651
12152212080423386827
13426977877743285863
4485279754944705778
1832220784409118653
2622681333455102272
6258199894179056262
11723068854959197722
5705030348903348526
5664903189884683857
11146286021025795003
4833025252189263064
17582362869391655930
18284922621576324301
4367302209959122351
16629596175734429392
7929966859233760228
2462932362254899259
18038876859467824682
16525211145328074152
4268067029463509715
13495177243354149388
9064763080151032541
4721194777436844020
5277720020357654426
10949020633368300430
17261418257648217369
16903707959545144760
4518927907555905206
14366394843501203215
6705254060583921801
13807033013974415082
3001880464774330090
6527105011843280531
8582281792646882074
2431177574024447358
4600160318945627064
2972082023923856674
2043425770495562180
5203424107991271031
2116444674524736285
1346341281909594425
2306529879648045593
7800435282025822904
3122728380093373567
12941469580509152332
14091493707346098906
13408892621622968118
13822741357216085183
18347976242632470806
2833270224370110799
13609723810710830508
11827590048544590031
3222882997493261024
13945221706579213854
2600511035077805388
3446659670531838240
6325772065458945317
8742936266174499387
15120488152133116568
11542890787198429088
11031231717561178778
12001983775436017881
17462518730874132700
12910135061796814087
18050554536247040366
12652262259757493632
15176589778588580831
5469603175387948382
11572997392428937031
11064124929599865336
16514001819206868648
12787288334213390653
5232539355008055144
14905859772922638885
11627624293745583037
7001017794908622174
5864972990436370678
16050610859384909013
738306074408383386
18079992367109434836
95884966381357453
7832819375546524532
4189706099892525144
11139871655493534758
17994178166799366892
16285207687967379762
14154289717408772581
11208016301021014983
18436444715481289151
934625586863804057
16057266088983647426
17728528904286366489
3279450618998671663
16668151206626161429
13376205026761938178
6997849111412208532
1698209834149058867
2356574678900083369
8496286620485131631
5505877812718261904
3132192067273727614
13567612423692621640
11702025201087074157
3830700678046282151
9132670050123225672
2162510831777530596
13479696199874692070
1109547234666174425
10779197983314223309
3221723672464520356
2817403387468590518
6006141605358029032
9433247643686817358
317021776656844683
12774657681941822982
4158515637487287797
1737284927363493227
2573945427335946694
10795477267273328669
1224014046488029533
17023188489437109285
10370522748437784389
11197835067812153370
13139502383077806308
7384872801581368083
2410994678529333977
