4399655781925735682
6178507597060230952
3303795418045996272
11666068767118226911
211558169198445682
15437956524354870500
16711194002414456776
6954945619128065492
16624600518795299186
3379611830855356921
5570995179543320025
12170584271719466391
2793902528893562823
995488671171885456
6422682266228468689
13143818785676250922
13029380861187249147
9299200974885602365
10221831507615556883
8264110744853507531
5007505302645818577
7149143997092720893
1825879550247565065
63530807370880679
7203988470163275789
16341404418225333230
5455493534977047869
10030588635772042348
15952823229329683855
10447751517995649926
2222724824452988418
12765741535188735502
18043789029316832056
15769985944773817590
2202820465337907375
12525876003987175168
14141277217103340237
5233134355670450197
9937004485227424793
1233150406732182642
