1199885571313837000
13704797262737965525
997943775061524113
8589830773382691700
14284501529045256103
10532949054681608454
3335098447628416485
3019656700131844055
6849758458736892884
15484314587369185393
5845827852359184227
10297640418815993283
8405274662918093785
1876776693029131349
11773246688867955208
10467546233619735167
2162109364020685452
3916788598423260965
13127682414316567742
6420408505080595014
14866504755025289737
500193380119141045
5509062893466463774
3269936421671368887
16214861911017663674
17098645553190658066
509258473787732227
1163494904790429888
14396011870633156232
2912385556677017155
7774072520346255735
8222277443709167278
17029708518086160529
3037453820779354743
14012635514136702017
5141575287856028724
10024495976670762609
13062804412061449730
9981337717230176587
8352853067108142418
14637250197525469709
6962820723421722524
18188605484312962634
6175191166397146590
17606681477058672564
15231262273402817367
2071075267578655729
1406634908675887498
1355805614860463233
1186497631643844851
17299361193062116661
18204500201766731372
13264055053276744324
18224447997304537672
85368254022955024
7934787290534545364
9775109878546530798
10075787283476772946
9269577083322321807
11046944592305670197
16779169598610744546
4254811286739704660
4657386787719191685
11745293049167404525
5156400716978179704
3382169368556350367
9298620547984948994
6807994950285937927
8917245566073822628
17834520637237862401
7804697807433225230
16962410832285004579
17866381832994216776
9283977470372395822
7521003587874582660
5795471742469715501
5192339425352989400
7204939212348957926
9242455763358954784
15728309608990516530
5063117261301847530
538568043192576307
15010061368131543188
4103949666009380960
13238832176388341256
8989083167796193900
500472143369386784
5787892999258524408
4193034419158998012
12495781223423243833
15013219171740086347
12942620943359865700
9353091211737551627
886944875306627948
1198190550239586708
3926629874700111141
9196530041546138252
1242287457741255881
7793313111798930130
8226929877220635940
13799207549159870279
1970157494386899074
9272273042034041090
13118650597313633868
6749485934302716042
6904146619699188397
7745660675134115716
3596128850547853767
10790364953830896078
5157047972946967245
18383590678224493310
9563263732550054922
13960436919830834552
6546591329875108855
13167687487258603702
11155933324399850945
15747493204175625528
5115049187938280349
16856945301353929839
15143059901850357411
9370952447270237296
10241415079719934470
6225859639281594447
16037083681079680658
2466099707611557284
2356319804662298853
17484849979391956403
18362317444917720989
12996393093454654948
15954702904773089836
4714279181038710130
8385005739540985558
11462360895211188601
2319557180976884333
15849842724319392598
