8254712852700199589
15790243160234156700
9174318035651297788
8448891543207662525
17891077231344994525
14130673129536433233
18146853190153049538
6063040954607209008
16558962133592220634
9629434442726936289
4341173215641669911
16312351882234217266
3052274482501790738
11400203221587415021
18249176123308139511
15590706295845663045
13795769046155072914
1559357727374914040
15119644122709374413
1931261138459035487
18237057934358298973
9913134266204392262
9559539796180687408
3983745124610816379
13971157178062892474
322593059313449674
5120077094062413053
10424434812344939814
6992044451120931747
9617188149596142241
4244576898636882810
2751401083422073898
11662373385723190124
17873464989965999907
14947511638988401806
1180870382915110297
6593436939244085475
9925945175334505023
