11503085530020120028
7677473332169624218
14513941372876925913
7568059752987952296
13454998693392817596
6437948726992475434
8469637089833584601
820519418379539655
813416144125743099
14358896600638998914
9625629589022456385
8270083370348782814
6669778052142947011
13973613819667618333
13409996051943550057
13166648056556307626
6637367711489619940
8760683862842123897
15042380826344228699
44939479203500744
9715734450745164376
7005036864177981728
10424478626155796896
16812860518718297421
15030325987521116722
6003617873756460776
834646429562181222
6536380869100720846
4171375184709849890
18077399579049338515
13768431080963094470
15995323181496117406
3243914310069643935
972959157016057931
210259543066099544
357286647375854348
2495864087223276828
11508265075968752510
13737637422021005920
7599565393491941985
7590761263960375679
4832209389379872054
14787320368017340296
1405174010342700114
1826517679923220852
14066851548729345768
1634489246470419202
6789296887339971165
4679583194896929511
16374778686573660828
8606429780272870336
11665048854034902445
15607041768289746121
6024948818710855174
12944408960539861609
1591989090711153058
9328935720372334816
15103995694397213704
13169500550196800558
1740174375707324386
763329423568475059
5380554197511681340
15982413429685810178
11212615995047957414
1534851201595141939
6649752375334742767
4637946329834438896
1040055033362960975
15238992468802806314
9620116178398518366
4120285335325741861
18434876545533210721
16126989788295512604
6094522330551457539
17706847762586419187
5284202351110597273
7537346617320771387
6525213964785409113
10413775554141489145
2345569041856669653
3665534111633967363
12360911248034517711
14965927819710399200
16639476783618056247
2375463150872581188
8006838868790941545
5206507611466686123
2862550294679582961
7691115933890205927
11674982149306554922
5437588071626626229
16840897171326957091
3451904329922216677
1292350069281998213
15879871652778289687
8119277512721978553
1462355570164518287
1550058209113809523
8296411780068794480
4841729788637715021
11519258937642055126
11936831166147034821
2886469193344539832
12722370270722477073
9490341524708342221
18390701275453654774
12414032745592583247
14557464808524046820
4909028773160539320
12770141780236170105
12968129927135014896
14869230275460245906
7920895553304235263
12265091278857518016
7204434657084772207
1983444834911763223
9292177740367659649
13706354223733061259
739632408451429542
