14725041638857892712
636061647601220681
17304366106871483068
10639704515029915881
11206994355758510245
6918341323702453325
1556534000937002695
10770140285853581685
14638508548745879585
10814480196304763646
11170922176675544161
10341928443123323726
13249968652339703236
8868505614737150730
6510446515501147015
1808143784453710662
12831818533284866787
1838816496356328432
15397696192721468692
11353650893654943790
9941850516554262326
1522876218604297173
3827293942823363548
576657843156101900
11274129162403866045
15336794908136019354
16214888314306184901
15757996177173236175
17050333364398995583
10416750477276694378
461608026066118780
10722236093785218746
16505244855705241642
17678385266263814041
7054832697956841333
7332929605250935903
