6753619428724416050
14574848033390193386
130351316594820217
3512590716428667979
8541366970791852353
7558741588333401603
10858692203012196896
13924190147238820354
10185476499005943922
13540403081510502392
416309453581004845
15166430987292464553
15212695040578195659
17423016911488911178
8191605441215343054
4399040942676538281
15379634309300189997
1672512379108013268
14809337435047222734
8080899964106161563
17117485710945718677
15124732693534997289
6651937573121565465
12205693035584311641
10876978186113382208
5917791028250792550
7205753696208052565
10690799894924493735
15459501014399245389
2131388623316673084
10557711411123349848
5763617087825554436
270315281473974826
16263467869203633879
1156464474138457788
1254688090219744882
251537215322379207
1576849670263822161
1430013807533218091
9761464235776042882
3700433661747564734
2910411357042786343
2944513359832119894
11040738583141727997
14143240669539704368
1436915675951013966
17758976088490193432
15957470835259346700
15788243304252835264
15229173991317541341
3528375882634845299
727816591752412519
11746953167092571543
1742057971767922184
4176141177882880795
14599535653159255610
4152949735236017901
13769134620606686321
6671762711913205676
18372686799470712315
15167089082683616757
13431213140227538415
14735696990549827105
6093942077803955201
288590885905496040
7686146421990809394
10119018399265075043
11879139027747939272
7864556134318589553
15875806977140751164
10172358510770809041
6002345868136399800
2968480907313104773
2195455684012571899
1068848161717305056
4142260809896779093
15933389952560871737
4154652729986882398
3528265475692124290
17965885149711262459
17663051808483271305
6783257423876132244
8308312004341897176
12261566219568678817
787010679932953545
9737449314364820734
13940408700454405665
9986023932605758478
2276497774707803762
2345025103325562893
