3656762319997436176
8154296487396878677
9624493132416454284
11549681386548634568
838984673438483956
16540970044115823614
17378542517428671517
18066658084595989653
14008170274284723528
6445321516521808695
13241867920640366987
1347130509050221412
16336237274840935825
171085547492185393
13369484016275014678
15483187597825985903
8626185397888033515
8611926237727125887
11144258418815140011
13513872856334069248
3715495391094775223
15306148812685040171
10835245808808699017
8223857578762730510
12086443126251120008
8184239426480313747
13056890458260947550
11913316720922522931
15762477407292101665
7042144456482427018
17384373468500489657
3398578653041855424
626701482485572858
11898797466468888361
11149677198537746166
11621571179274598268
8917930646034468227
12349133690394087652
3945978685284872590
5792777379104163468
16984844879595399181
13702302768150224908
12627706204543923561
3852717971262121902
16542984388578002946
17017198749321006597
13492798987374966153
13600985240312361204
7064114633796956579
11358179328456917207
15747450046107165127
1293140794441728457
13975425515560269742
3214900416839534392
6223972952288081597
10417901899674882842
15226844431175565851
6382768262370954713
2634643410068943920
11428908648569792372
1461145649492745106
3299832379871611804
17058691981444407172
8457041009501390517
3637993651889137329
3020396427807996187
16542593846146227112
1888884655670529361
1992845022163445837
4166302873160614554
15635949472690138804
12174902129419216364
1915277882278605144
798050782636426627
15354586072581448383
2082939096812362459
8044232607565982554
3772843311912290128
8948155774620706232
16924772619108064915
6535306908072291292
8382532669976190003
17562937378767015675
13527111008659659014
16295611522824424507
11885178280030652240
2591454333754118973
4597302989294647010
17367944360964458136
5925353643826531581
17586002901885835198
10079167988456119025
14667913604156577000
13766388081345467551
10275861387654341158
12302621779980702804
5541207011556714314
3372459164838108330
1334081937584488857
7326555155904111801
6388236941616965582
829727760620441068
320134839763879639
13752946798894443292
16720774683011948319
8829012130053652281
9043781647687919325
14963389035161262268
3298779204503693016
13596664195811806975
14155768676065301657
18156135050085060147
13894003077943441703
11909139765888616293
11758939249295221717
12099965737847059825
3685126986493074607
17030923390057133858
12832367774653266758
2140197131305714957
5971352556408198016
7724694395433831211
11036245673267472644
12631772099311583851
9319042603585938070
7128561413265189217
2839662445337660446
11870133050763646799
13103807319634623165
2487383554203728659
17034830781496176623
8006038362962024876
479802652321646749
3068614399785929018
8721092289336434057
2229725039102719451
8143712912793809548
10154095846153386274
5735431378706941578
4978403085124117333
4553908467754784514
11042729143889614920
17092229574387287391
9232051724534429869
