13695890691448294604
12700830120394574715
12383410999169377704
7711324806210034777
15435376973528349860
11795230300394518888
7534818963401083736
827987016877840192
2050872222114846065
1420585537031698226
11611442540305770573
9371112692145963055
438323131258264934
4747690136212426214
17140357133693962957
6637623072296442014
5933141414455873009
11111717385933809686
7006160077930711388
6015728624603761631
5080819835092475044
18285728297970912174
3930302867093650285
8089592423721543792
573724447427835047
12592644613033716390
4912746627051173287
11738250257015950133
2774526447272233038
12662760725088760083
4041176557406345216
12630785154525038826
2258238367619077543
14089306217491516712
12171885654780357916
5649982297717237447
1938857164377910477
9139486808932168871
13847589044654561001
12367684205631343450
8825011479073162261
13889321687184357853
8173666762602281524
4748935636159398139
16429319848803109081
11637462358266822492
1630282163253232697
12868655696301015546
6569980312028458301
17084229482829743149
6845937181773253891
7155876473074845283
6770183875544159178
6184098892752252837
9775124652919954447
17710947571585793163
16283065238972991975
7029369757308102346
2219660925478737329
2093162477569804046
9729658749264690718
14130375897723157042
9835664278049816301
6210241152788920541
14761159029899195568
13516658842985396166
17217545722297621631
